112.4	316.35		0.470	51549,8524305555
112.4	316.35		0.470	51556,5149305556
112.4	316.35		0.470	51556,5357638891
112.4	316.35		0.470	51565,4204861112
112.4	316.35		0.470	51570,7954861112
112.4	316.35		0.470	51571,3920138888
112.4	316.35		0.470	51577,8788194442
112.4	316.35		0.470	51578,3454861110
112.4	316.35		0.470	51584,7961805556
112.4	316.35		0.470	51590,8593750000
112.4	316.35		0.470	51597,7961805556
112.4	316.35		0.470	51604,8406250002
112.4	316.35		0.470	51612,8392361109
112.4	316.35		0.470	51619,5350694442
112.4	316.35		0.470	51625,4211805556
112.4	316.35		0.470	51632,8190972223
112.4	316.35		0.470	51640,8531249999
112.4	316.35		0.470	51645,4093749998
112.4	316.35		0.470	51647,5906250002
112.4	316.35		0.470	51647,8281250000
112.4	316.35		0.470	51654,5878472221
112.4	316.35		0.470	51656,8170138891
112.4	316.35		0.470	51661,8010416669
112.4	316.35		0.470	51670,4211805556
112.4	316.35		0.470	51673,8232638887
112.4	316.35		0.470	51684,4357638890
112.4	316.35		0.470	51689,5253472221
112.4	316.35		0.470	51689,7989583332
112.4	316.35		0.470	51698,4302083333
112.4	316.35		0.470	51703,8572916668
112.4	316.35		0.470	51711,8392361109
112.4	316.35		0.470	51718,8413194446
112.4	316.35		0.470	51726,3503472223
112.4	316.35		0.470	51729,8579861112
112.4	316.35		0.470	51733,3503472223
112.4	316.35		0.470	51742,4690972222
112.4	316.35		0.470	51745,5274305558
112.4	316.35		0.470	51752,5065972223
112.4	316.35		0.470	51757,5559027777
112.4	316.35		0.470	51759,8253472224
112.4	316.35		0.470	51767,8538194443
112.4	316.35		0.470	51773,8475694442
112.4	316.35		0.470	51780,5302083334
112.4	316.35		0.470	51787,5642361110
112.4	316.35		0.470	51787,8024305557
112.4	316.35		0.470	51795,8225694443
112.4	316.35		0.470	51801,7961805556
112.4	316.35		0.470	51802,3829861111
112.4	316.35		0.470	51809,8225694443
112.4	316.35		0.470	51816,8399305558
112.4	316.35		0.470	51822,7989583332
112.4	316.35		0.470	51827,8065972221
112.4	316.35		0.470	51827,8565972224
112.4	316.35		0.470	51836,6711805556
112.4	316.35		0.470	51843,5295138890
112.4	316.35		0.470	51862,4954861109
112.4	316.35		0.470	51866,4128472223
112.4	316.35		0.470	51871,4468749999
112.4	316.35		0.470	51880,3781249998
112.4	316.35		0.470	51886,3795138891
112.4	316.35		0.470	51892,7593749999
112.4	316.35		0.470	51900,7961805556
112.4	316.35		0.470	51908,3982638889
112.4	316.35		0.470	51913,8072916665
112.4	316.35		0.470	51920,5489583332
112.4	316.35		0.470	51927,5461805556
112.4	316.35		0.470	51936,4204861112
112.4	316.35		0.470	51937,4496527780
112.4	316.35		0.470	51949,8045138889
112.4	316.35		0.470	51950,4093749998
112.4	316.35		0.470	51955,4031250002
112.4	316.35		0.470	51965,4440972223
112.4	316.35		0.470	51966,4329861109
112.4	316.35		0.470	51969,5552083333
112.4	316.35		0.470	51976,5795138888
112.4	316.35		0.470	51976,8385416665
112.4	316.35		0.470	51983,5586805558
112.4	316.35		0.470	51986,4309027777
112.4	316.35		0.470	51990,5565972221
112.4	316.35		0.470	51992,7961805556
112.4	316.35		0.470	51997,4489583331
112.4	316.35		0.470	51997,5711805555
112.4	316.35		0.470	52004,5628472222
112.4	316.35		0.470	52011,3795138891
112.4	316.35		0.470	52019,4427083335
112.4	316.35		0.470	52025,4343750002
112.4	316.35		0.470	52032,7954861112
112.4	316.35		0.470	52039,5475694444
112.4	316.35		0.470	52048,4017361109
112.4	316.35		0.470	52053,8149305554
112.4	316.35		0.470	52060,5434027780
112.4	316.35		0.470	52067,8003472220
112.4	316.35		0.470	52076,5753472224
112.4	316.35		0.470	52081,8649305557
112.4	316.35		0.470	52088,8552083331
112.4	316.35		0.470	52095,8100694446
112.4	316.35		0.470	52095,8385416665
112.4	316.35		0.470	52102,4809027780
112.4	316.35		0.470	52109,5163194444
112.4	316.35		0.470	52116,5586805558
112.4	316.35		0.470	52123,8440972222
112.4	316.35		0.470	52130,5565972221
112.4	316.35		0.470	52137,8260416668
112.4	316.35		0.470	52144,5579861109
112.4	316.35		0.470	52151,5753472224
112.4	316.35		0.470	52158,5163194444
112.4	316.35		0.470	52165,5489583332
112.4	316.35		0.470	52172,5677083335
112.4	316.35		0.470	52173,4878472220
112.4	316.35		0.470	52179,5718749999
112.4	316.35		0.470	52186,5899305558
112.4	316.35		0.470	52193,5579861109
112.4	316.35		0.470	52200,5600694446
112.4	316.35		0.470	52207,8093750002
112.4	316.35		0.470	52213,8593750000
112.4	316.35		0.470	52221,3878472224
112.4	316.35		0.470	52232,8024305557
112.4	316.35		0.470	52235,3684027777
112.4	316.35		0.470	52242,5072916667
112.4	316.35		0.470	52249,5697916667
112.4	316.35		0.470	52256,8163194442
112.4	316.35		0.470	52263,5378472223
112.4	316.35		0.470	52270,8204861111
112.4	316.35		0.470	52277,8184027779
112.4	316.35		0.470	52284,8802083335
112.4	316.35		0.470	52302,4434027779
112.4	316.35		0.470	52306,8010416669
112.4	316.35		0.470	52312,5461805556
112.4	316.35		0.470	52326,5295138890
112.4	316.35		0.470	52334,3392361109
112.4	316.35		0.470	52341,3850694443
112.4	316.35		0.470	52347,8156249998
112.4	316.35		0.470	52354,5246527777
112.4	316.35		0.470	52361,5697916667
112.4	316.35		0.470	52368,5329861110
112.4	316.35		0.470	52375,5420138887
112.4	316.35		0.470	52382,5545138889
112.4	316.35		0.470	52389,5788194444
112.4	316.35		0.470	52396,5288194446
112.4	316.35		0.470	52403,5621527778
112.4	316.35		0.470	52410,5531250001
112.4	316.35		0.470	52417,4267361113
112.4	316.35		0.470	52424,5684027779
112.4	316.35		0.470	52431,8572916668
112.4	316.35		0.470	52438,5371527779
112.4	316.35		0.470	52439,4072916666
112.4	316.35		0.470	52453,3996527777
112.4	316.35		0.470	52459,5677083335
112.4	316.35		0.470	52461,5656249998
112.4	316.35		0.470	52467,3670138889
112.4	316.35		0.470	52473,5475694444
112.4	316.35		0.470	52480,4767361111
112.4	316.35		0.470	52480,5114583331
112.4	316.35		0.470	52487,5517361113
112.4	316.35		0.470	52496,3934027776
112.4	316.35		0.470	52501,5329861110
112.4	316.35		0.470	52507,5510416669
112.4	316.35		0.470	52515,5489583332
112.4	316.35		0.470	52523,3746527778
112.4	316.35		0.470	52529,5559027777
112.4	316.35		0.470	52537,4072916666
112.4	316.35		0.470	52543,5447916668
112.4	316.35		0.470	52551,3885416668
112.4	316.35		0.470	52557,8093750002
112.4	316.35		0.470	52565,3795138891
112.4	316.35		0.470	52571,5385416667
112.4	316.35		0.470	52578,5149305556
112.4	316.35		0.470	52586,3788194442
112.4	316.35		0.470	52594,4350694446
112.4	316.35		0.470	52599,8190972223
112.4	316.35		0.470	52606,5211805557
112.4	316.35		0.470	52613,8385416665
112.4	316.35		0.470	52620,5260416665
112.4	316.35		0.470	52627,5517361113
112.4	316.35		0.470	52634,5128472224
112.4	316.35		0.470	52641,5829861113
112.4	316.35		0.470	52650,4531250000
112.4	316.35		0.470	52651,8517361111
112.4	316.35		0.470	52652,4204861112
112.4	316.35		0.470	52652,4531250000
112.4	316.35		0.470	52652,8517361111
112.4	316.35		0.470	52653,4225694444
112.4	316.35		0.470	52663,8475694442
112.4	316.35		0.470	52664,8399305558
112.4	316.35		0.470	52671,5079861111
112.4	316.35		0.470	52676,5552083333
112.4	316.35		0.470	52683,5475694444
112.4	316.35		0.470	52683,8045138889
112.4	316.35		0.470	52690,5357638891
112.4	316.35		0.470	52697,5371527779
112.4	316.35		0.470	52706,4184027780
112.4	316.35		0.470	52711,5649305554
112.4	316.35		0.470	52718,5295138890
112.4	316.35		0.470	52727,4031250002
112.4	316.35		0.470	52761,8190972223
112.4	316.35		0.470	52761,8427083334
112.4	316.35		0.470	52765,7697916669
112.4	316.35		0.470	52773,6503472221
112.4	316.35		0.470	52781,8135416666
112.4	316.35		0.470	52787,4795138887
112.4	316.35		0.470	52787,6114583332
112.4	316.35		0.470	52795,8489583335
112.4	316.35		0.470	52817,7961805556
112.4	316.35		0.470	52823,5649305554
112.4	316.35		0.470	52830,5253472221
112.4	316.35		0.470	52837,5454861112
112.4	316.35		0.470	52844,5461805556
112.4	316.35		0.470	52852,5468750000
112.4	316.35		0.470	52859,4031250002
112.4	316.35		0.470	52867,4038194446
112.4	316.35		0.470	52873,3913194444
112.4	316.35		0.470	52879,5545138889
112.4	316.35		0.470	52887,4003472221
112.4	316.35		0.470	52894,3843749999
112.4	316.35		0.470	52900,3843749999
112.4	316.35		0.470	52903,4232638888
112.4	316.35		0.470	52903,4523495371
112.4	316.35		0.470	52908,7690972220
112.4	316.35		0.470	52915,3850694443
112.4	316.35		0.470	52922,8614583332
112.4	316.35		0.470	52929,7989583332
112.4	316.35		0.470	52936,8093750002
112.4	316.35		0.470	52949,5357638891
112.4	316.35		0.470	52953,5482638888
112.4	316.35		0.470	52958,4447916667
112.4	316.35		0.470	52961,4670138890
112.4	316.35		0.470	52962,4225694444
112.4	316.35		0.470	52970,4934027777
112.4	316.35		0.470	52974,4225694444
112.4	316.35		0.470	52974,7975694444
112.4	316.35		0.470	52975,4211805556
112.4	316.35		0.470	52975,8010416669
112.4	316.35		0.470	52977,5038194442
112.4	316.35		0.470	52985,8163194442
112.4	316.35		0.470	52992,5114583331
112.4	316.35		0.470	52999,5503472220
112.4	316.35		0.470	53006,5343749998
112.4	316.35		0.470	53013,5454861112
112.4	316.35		0.470	53018,4635416665
112.4	316.35		0.470	53018,8079861109
112.4	316.35		0.470	53020,5107638887
112.4	316.35		0.470	53030,4274305557
112.4	316.35		0.470	53030,4649305558
112.4	316.35		0.470	53032,4628472221
112.4	316.35		0.470	53032,4857638888
112.4	316.35		0.470	53032,8531249999
112.4	316.35		0.470	53041,5572916665
112.4	316.35		0.470	53044,4322916665
112.4	316.35		0.470	53048,5670138891
112.4	316.35		0.470	53055,5565972221
112.4	316.35		0.470	53058,8399305558
112.4	316.35		0.470	53062,5454861112
112.4	316.35		0.470	53070,4732638891
112.4	316.35		0.470	53074,4274305557
112.4	316.35		0.470	53076,5767361112
112.4	316.35		0.470	53083,8802083335
112.4	316.35		0.470	53084,4225694444
112.4	316.35		0.470	53090,5392361111
112.4	316.35		0.470	53098,4628472221
112.4	316.35		0.470	53105,6135416669
112.4	316.35		0.470	53112,4628472221
112.4	316.35		0.470	53112,4815972224
112.4	316.35		0.470	53118,4315972221
112.4	316.35		0.470	53125,5552083333
112.4	316.35		0.470	53129,4628472221
112.4	316.35		0.470	53132,4225694444
112.4	316.35		0.470	53153,6142361113
112.4	316.35		0.470	53160,6190972221
112.4	316.35		0.470	53173,8211805555
112.4	316.35		0.470	53174,3892361112
112.4	316.35		0.470	53181,5579861109
112.4	316.35		0.470	53186,4274305557
112.4	316.35		0.470	53188,5864583333
112.4	316.35		0.470	53195,5399305555
112.4	316.35		0.470	53202,5815972220
112.4	316.35		0.470	53209,5517361113
112.4	316.35		0.470	53216,5996527779
112.4	316.35		0.470	53223,6038194443
112.4	316.35		0.470	53227,4225694444
112.4	316.35		0.470	53230,4642361109
112.4	316.35		0.470	53238,4642361109
112.4	316.35		0.470	53241,4656250002
112.4	316.35		0.470	53244,4621527777
112.4	316.35		0.470	53252,4642361109
112.4	316.35		0.470	53258,4315972221
112.4	316.35		0.470	53265,8461805554
112.4	316.35		0.470	53269,4350694446
112.4	316.35		0.470	53279,5552083333
112.4	316.35		0.470	53283,4850694444
112.4	316.35		0.470	53286,4788194443
112.4	316.35		0.470	53294,4670138890
112.4	316.35		0.470	53297,4711805554
112.4	316.35		0.470	53300,4288194445
112.4	316.35		0.470	53308,4628472221
112.4	316.35		0.470	53311,4371527778
112.4	316.35		0.470	53314,4364583334
112.4	316.35		0.470	53314,5927083334
112.4	316.35		0.470	53325,4288194445
112.4	316.35		0.470	53328,4364583334
112.4	316.35		0.470	53336,4635416665
112.4	316.35		0.470	53339,4711805554
112.4	316.35		0.470	53342,4003472221
112.4	316.35		0.470	53342,4940972221
112.4	316.35		0.470	53350,4246527776
112.4	316.35		0.470	53354,4399305554
112.4	316.35		0.470	53356,4378472222
112.4	316.35		0.470	53378,4218750000
112.4	316.35		0.470	53381,4371527778
112.4	316.35		0.470	53384,4385416666
112.4	316.35		0.470	53392,4246527776
112.4	316.35		0.470	53395,4628472221
112.4	316.35		0.470	53398,4093749998
112.4	316.35		0.470	53404,8927083332
112.4	316.35		0.470	53412,5496527776
112.4	316.35		0.470	53419,4225694444
112.4	316.35		0.470	53435,4218750000
112.4	316.35		0.470	53437,4232638888
112.4	316.35		0.470	53440,4218750000
112.4	316.35		0.470	53448,4267361113
112.4	316.35		0.470	53451,4225694444
112.4	316.35		0.470	53453,4211805556
112.4	316.35		0.470	53461,4315972221
112.4	316.35		0.470	53465,4329861109
112.4	316.35		0.470	53468,4232638888
112.4	316.35		0.470	53475,4399305554
112.4	316.35		0.470	53478,4621527777
112.4	316.35		0.470	53482,4204861112
112.4	316.35		0.470	53489,5579861109
112.4	316.35		0.470	53496,5454861112
112.4	316.35		0.470	53504,4211805556
112.4	316.35		0.470	53507,4322916665
112.4	316.35		0.470	53510,4204861112
112.4	316.35		0.470	53517,4329861109
112.4	316.35		0.470	53521,4309027777
112.4	316.35		0.470	53524,4204861112
112.4	316.35		0.470	53532,4447916667
112.4	316.35		0.470	53535,4371527778
112.4	316.35		0.470	53535,9038194446
112.4	316.35		0.470	53538,4204861112
112.4	316.35		0.470	53546,4225694444
112.4	316.35		0.470	53549,4225694444
112.4	316.35		0.470	53551,4281250001
112.4	316.35		0.470	53551,5045138891
112.4	316.35		0.470	53560,4218750000
112.4	316.35		0.470	53563,4684027778
112.4	316.35		0.470	53566,3795138891
112.4	316.35		0.470	53574,4211805556
112.4	316.35		0.470	53577,4392361110
112.4	316.35		0.470	53580,4045138890
112.4	316.35		0.470	53588,4239583332
112.4	316.35		0.470	53591,4204861112
112.4	316.35		0.470	53593,8121527778
112.4	316.35		0.470	53602,8121527778
112.4	316.35		0.470	53605,8121527778
112.4	316.35		0.470	53608,3940972220
112.4	316.35		0.470	53616,4406249998
112.4	316.35		0.470	53617,4399305554
112.4	316.35		0.470	53619,4204861112
112.4	316.35		0.470	53622,3913194444
112.4	316.35		0.470	53630,4211805556
112.4	316.35		0.470	53633,4267361113
112.4	316.35		0.470	53636,4017361109
112.4	316.35		0.470	53644,4239583332
112.4	316.35		0.470	53647,4211805556
112.4	316.35		0.470	53650,3802083335
112.4	316.35		0.470	53658,4086805554
112.4	316.35		0.470	53661,3788194442
112.4	316.35		0.470	53663,8364583333
112.4	316.35		0.470	53663,9100694442
112.4	316.35		0.470	53671,5253472221
112.4	316.35		0.470	53686,4295138889
112.4	316.35		0.470	53689,4322916665
112.4	316.35		0.470	53692,3968750001
112.4	316.35		0.470	53700,4204861112
112.4	316.35		0.470	53703,8704861109
112.4	316.35		0.470	53705,4225694444
112.4	316.35		0.470	53706,0927083334
112.4	316.35		0.470	53714,4795138887
112.4	316.35		0.470	53717,4274305557
112.4	316.35		0.470	53720,4072916666
112.4	316.35		0.470	53728,4295138889
112.4	316.35		0.470	53731,4364583334
112.4	316.35		0.470	53734,4204861112
112.4	316.35		0.470	53742,3871527780
112.4	316.35		0.470	53749,4336805558
112.4	316.35		0.470	53752,4329861109
112.4	316.35		0.470	53754,8871527780
112.4	316.35		0.470	53763,4628472221
112.4	316.35		0.470	53766,4628472221
112.4	316.35		0.470	53768,4628472221
112.4	316.35		0.470	53777,4399305554
112.4	316.35		0.470	53780,4774305555
112.4	316.35		0.470	53782,4288194445
112.4	316.35		0.470	53782,8503472223
112.4	316.35		0.470	53783,3510416667
112.4	316.35		0.470	53791,4649305558
112.4	316.35		0.470	53794,4239583332
112.4	316.35		0.470	53796,8371527777
112.4	316.35		0.470	53803,5170138888
112.4	316.35		0.470	53805,4690972222
112.4	316.35		0.470	53808,4628472221
112.4	316.35		0.470	53810,3947916669
112.4	316.35		0.470	53817,8510416667
112.4	316.35		0.470	53821,4413194442
112.4	316.35		0.470	53824,3961805557
112.4	316.35		0.470	53824,9857638888
112.4	316.35		0.470	53825,4128472223
112.4	316.35		0.470	53833,4621527777
112.4	316.35		0.470	53836,4434027779
112.4	316.35		0.470	53838,3857638887
112.4	316.35		0.470	53846,4031250002
112.4	316.35		0.470	53852,9156249999
112.4	316.35		0.470	53852,9357638890
112.4	316.35		0.470	53853,3815972223
112.4	316.35		0.470	53862,8031250001
112.4	316.35		0.470	53864,4260416669
112.4	316.35		0.470	53867,3989583333
112.4	316.35		0.470	53875,4739583335
112.4	316.35		0.470	53878,3864583331
112.4	316.35		0.470	53880,8197916667
112.4	316.35		0.470	53889,4274305557
112.4	316.35		0.470	53890,4649305558
112.4	316.35		0.470	53895,3940972220
112.4	316.35		0.470	53903,4621527777
112.4	316.35		0.470	53906,4427083335
112.4	316.35		0.470	53916,6593749998
112.4	316.35		0.470	53923,8371527777
112.4	316.35		0.470	53930,9211805556
112.4	316.35		0.470	53937,6100694444
112.4	316.35		0.470	53944,6309027779
112.4	316.35		0.470	53952,5031249998
112.4	316.35		0.470	53955,8947916669
112.4	316.35		0.470	53958,4072916666
112.4	316.35		0.470	53966,4927083333
112.4	316.35		0.470	53969,9211805556
112.4	316.35		0.470	53972,3968750001
112.4	316.35		0.470	53981,5065972223
112.4	316.35		0.470	53983,4072916666
112.4	316.35		0.470	53985,8038194445
112.4	316.35		0.470	53994,4204861112
112.4	316.35		0.470	53997,8065972221
112.4	316.35		0.470	54022,4357638890
112.4	316.35		0.470	54025,4336805558
112.4	316.35		0.470	54028,3864583331
112.4	316.35		0.470	54036,4413194442
112.4	316.35		0.470	54039,4232638888
112.4	316.35		0.470	54042,4281250001
112.4	316.35		0.470	54050,4239583332
112.4	316.35		0.470	54053,4253472220
112.4	316.35		0.470	54055,8135416666
112.4	316.35		0.470	54064,4218750000
112.4	316.35		0.470	54067,4204861112
112.4	316.35		0.470	54069,8267361112
112.4	316.35		0.470	54077,8121527778
112.4	316.35		0.470	54080,4281250001
112.4	316.35		0.470	54083,7961805556
112.4	316.35		0.470	54092,7947916668
112.4	316.35		0.470	54093,4357638890
112.4	316.35		0.470	54095,7954861112
112.4	316.35		0.470	54097,7954861112
112.4	316.35		0.470	54106,4621527777
112.4	316.35		0.470	54109,4385416666
112.4	316.35		0.470	54111,8100694446
112.4	316.35		0.470	54120,7989583332
112.4	316.35		0.470	54123,8031250001
112.4	316.35		0.470	54125,8045138889
112.4	316.35		0.470	54154,5045138891
112.4	316.35		0.470	54162,4822916668
112.4	316.35		0.470	54183,5079861111
112.4	316.35		0.470	54190,4663194446
112.4	316.35		0.470	54196,4510416668
112.4	316.35		0.470	54200,4364583334
112.4	316.35		0.470	54202,4468749999
112.4	316.35		0.470	54211,4197916668
112.4	316.35		0.470	54214,4392361110
112.4	316.35		0.470	54225,4197916668
112.4	316.35		0.470	54228,4197916668
112.4	316.35		0.470	54230,8906250000
112.4	316.35		0.470	54244,4204861112
112.4	316.35		0.470	54256,4253472220
112.4	316.35		0.470	54258,3934027776
112.4	316.35		0.470	54269,4614583333
112.4	316.35		0.470	54272,4614583333
112.4	316.35		0.470	54293,4961805558
112.4	316.35		0.470	54294,4982638890
112.4	316.35		0.470	54294,5072916667
112.4	316.35		0.470	54296,4684027778
112.4	316.35		0.470	54298,4336805558
112.4	316.35		0.470	54302,4795138887
112.4	316.35		0.470	54309,4406249998
112.4	316.35		0.470	54312,4510416668
112.4	316.35		0.470	54314,4232638888
112.4	316.35		0.470	54324,4204861112
112.4	316.35		0.470	54326,4385416666
112.4	316.35		0.470	54328,4190972224
112.4	316.35		0.470	54337,4503472224
112.4	316.35		0.470	54340,4211805556
112.4	316.35		0.470	54342,3843749999
112.4	316.35		0.470	54351,4260416669
112.4	316.35		0.470	54354,4239583332
112.4	316.35		0.470	54356,3899305556
112.4	316.35		0.470	54365,4232638888
112.4	316.35		0.470	54367,4600694445
112.4	316.35		0.470	54370,3871527780
112.4	316.35		0.470	54379,3065972221
112.4	316.35		0.470	54381,4607638889
112.4	316.35		0.470	54384,3940972220
112.4	316.35		0.470	54393,4447916667
112.4	316.35		0.470	54395,4204861112
112.4	316.35		0.470	54398,3892361112
112.4	316.35		0.470	54407,4392361110
112.4	316.35		0.470	54409,4350694446
112.4	316.35		0.470	54412,3822916667
112.4	316.35		0.470	54421,4489583331
112.4	316.35		0.470	54423,4607638889
112.4	316.35		0.470	54426,3940972220
112.4	316.35		0.470	54435,5225694445
112.4	316.35		0.470	54437,4315972221
112.4	316.35		0.470	54531,8420138890
112.4	316.35		0.470	54546,4739583335
112.4	316.35		0.470	54549,4260416669
112.4	316.35		0.470	54551,4336805558
112.4	316.35		0.470	54561,8003472220
112.4	316.35		0.470	54564,4232638888
112.4	316.35		0.470	54566,7982638888
112.4	316.35		0.470	54575,4281250001
112.4	316.35		0.470	54578,4267361113
112.4	316.35		0.470	54580,4211805556
112.4	316.35		0.470	54588,5295138890
112.4	316.35		0.470	54591,3961805557
112.4	316.35		0.470	54593,7961805556
112.4	316.35		0.470	54603,4225694444
112.4	316.35		0.470	54606,4197916668
112.4	316.35		0.470	54607,9052083334
112.4	316.35		0.470	54616,8552083331
112.4	316.35		0.470	54619,8503472223
112.4	316.35		0.470	54622,4218750000
112.4	316.35		0.470	54631,4302083333
112.4	316.35		0.470	54634,9145833333
112.4	316.35		0.470	54636,4750000001
112.4	316.35		0.470	54646,4645833331
112.4	316.35		0.470	54648,4319444443
112.4	316.35		0.470	54651,3881944446
112.4	316.35		0.470	54664,8006944442
112.4	316.35		0.470	54666,4041666668
112.4	316.35		0.470	54673,4298611111
112.4	316.35		0.470	54675,4270833335
112.4	316.35		0.470	54678,3854166665
112.4	316.35		0.470	54687,4375000000
112.4	316.35		0.470	54689,4458333333
112.4	316.35		0.470	54692,4194444446
112.4	316.35		0.470	54701,4263888891
112.4	316.35		0.470	54703,9319444443
112.4	316.35		0.470	54706,4069444444
112.4	316.35		0.470	54715,4298611111
112.4	316.35		0.470	54717,4326388887
112.4	316.35		0.470	54720,7958333334
112.4	316.35		0.470	54729,4215277778
112.4	316.35		0.470	54731,4416666669
112.4	316.35		0.470	54734,4065972222
112.4	316.35		0.470	54742,8135416666
112.4	316.35		0.470	54745,4371527778
112.4	316.35		0.470	54748,4267361113
112.4	316.35		0.470	54757,7947916668
112.4	316.35		0.470	54759,4309027777
112.4	316.35		0.470	54762,3913194444
112.4	316.35		0.470	54771,4392361110
112.4	316.35		0.470	54773,4190972224
112.4	316.35		0.470	54776,3996527777
112.4	316.35		0.470	54785,4336805558
112.4	316.35		0.470	54787,4197916668
112.4	316.35		0.470	54790,8024305557
112.4	316.35		0.470	54799,4440972223
112.4	316.35		0.470	54802,4190972224
112.4	316.35		0.470	54813,4489583331
112.4	316.35		0.470	54815,4267361113
112.4	316.35		0.470	54818,3843749999
112.4	316.35		0.470	54827,4267361113
112.4	316.35		0.470	54842,4218750000
112.4	316.35		0.470	54844,4197916668
112.4	316.35		0.470	54846,4197916668
112.4	316.35		0.470	54854,8197916667
112.4	316.35		0.470	54857,4329861109
112.4	316.35		0.470	54860,3961805557
112.4	316.35		0.470	54869,4440972223
112.4	316.35		0.470	54871,4309027777
112.4	316.35		0.470	54874,4336805558
112.4	316.35		0.470	54883,4614583333
112.4	316.35		0.470	54885,4385416666
112.4	316.35		0.470	54888,3961805557
112.4	316.35		0.470	54896,8065972221
112.4	316.35		0.470	54899,4420138891
112.4	316.35		0.470	54902,3927083332
112.4	316.35		0.470	54911,4635416665
112.4	316.35		0.470	54913,5052083335
112.4	316.35		0.470	54916,3906250000
112.4	316.35		0.470	54926,4427083335
112.4	316.35		0.470	54928,3968750001
112.4	316.35		0.470	54929,8003472220
112.4	316.35		0.470	54929,8142361110
112.4	316.35		0.470	54938,7947916668
112.4	316.35		0.470	54938,8107638890
112.4	316.35		0.470	54941,4329861109
112.4	316.35		0.470	54943,8156249998
112.4	316.35		0.470	54952,4288194445
112.4	316.35		0.470	54955,4350694446
112.4	316.35		0.470	54957,7947916668
112.4	316.35		0.470	54967,4725694442
112.4	316.35		0.470	54969,4190972224
112.4	316.35		0.470	54969,4322916665
112.4	316.35		0.470	54972,3781249998
112.4	316.35		0.470	54972,3899305556
112.4	316.35		0.470	54981,4406249998
112.4	316.35		0.470	54981,4954861109
112.4	316.35		0.470	54983,4197916668
112.4	316.35		0.470	54983,4329861109
112.4	316.35		0.470	54986,7947916668
112.4	316.35		0.470	54986,8072916665
112.4	316.35		0.470	54995,4565972220
112.4	316.35		0.470	54997,4614583333
112.4	316.35		0.470	54997,4739583335
112.4	316.35		0.470	55000,8170138891
112.4	316.35		0.470	55000,8288194444
112.4	316.35		0.470	55001,4357638890
112.4	316.35		0.470	55004,3920138888
112.4	316.35		0.470	55004,4121527779
112.4	316.35		0.470	55009,4288194445
112.4	316.35		0.470	55009,4427083335
112.4	316.35		0.470	55011,4225694444
112.4	316.35		0.470	55013,4253472220
112.4	316.35		0.470	55021,8211805555
112.4	316.35		0.470	55021,8399305558
112.4	316.35		0.470	55035,8517361111
112.4	316.35		0.470	55035,8767361110
112.4	316.35		0.470	55049,8371527777
112.4	316.35		0.470	55053,4663194446
112.4	316.35		0.470	55053,4822916668
112.4	316.35		0.470	55055,7968750000
112.4	316.35		0.470	55055,8107638890
112.4	316.35		0.470	55063,8336805557
112.4	316.35		0.470	55063,8517361111
112.4	316.35		0.470	55066,4302083333
112.4	316.35		0.470	55066,4468749999
112.4	316.35		0.470	55069,8385416665
112.4	316.35		0.470	55069,8545138887
112.4	316.35		0.470	55078,4322916665
112.4	316.35		0.470	55078,4475694443
112.4	316.35		0.470	55080,4607638889
112.4	316.35		0.470	55080,4753472223
112.4	316.35		0.470	55083,7954861112
112.4	316.35		0.470	55083,8093750002
112.4	316.35		0.470	55091,8357638889
112.4	316.35		0.470	55091,8510416667
112.4	316.35		0.470	55094,4420138891
112.4	316.35		0.470	55094,4565972220
112.4	316.35		0.470	55105,8107638890
112.4	316.35		0.470	55105,8253472224
112.4	316.35		0.470	55108,4274305557
112.4	316.35		0.470	55108,4447916667
112.4	316.35		0.470	55111,7947916668
112.4	316.35		0.470	55111,8093750002
112.4	316.35		0.470	55119,8156249998
112.4	316.35		0.470	55119,8357638889
112.4	316.35		0.470	55119,8357638889
112.4	316.35		0.470	55122,4517361112
112.4	316.35		0.470	55122,4670138890
112.4	316.35		0.470	55125,8086805558
112.4	316.35		0.470	55125,8211805555
112.4	316.35		0.470	55134,4218750000
112.4	316.35		0.470	55134,4364583334
112.4	316.35		0.470	55137,4274305557
112.4	316.35		0.470	55137,4413194442
112.4	316.35		0.470	55139,7996527776
112.4	316.35		0.470	55139,8142361110
112.4	316.35		0.470	55148,4371527778
112.4	316.35		0.470	55148,4496527780
112.4	316.35		0.470	55151,4232638888
112.4	316.35		0.470	55151,4385416666
112.4	316.35		0.470	55153,7996527776
112.4	316.35		0.470	55153,8142361110
112.4	316.35		0.470	55162,7940972224
112.4	316.35		0.470	55162,8072916665
112.4	316.35		0.470	55165,4211805556
112.4	316.35		0.470	55167,4031250002
112.4	316.35		0.470	55167,4184027780
112.4	316.35		0.470	55176,4232638888
112.4	316.35		0.470	55176,4371527778
112.4	316.35		0.470	55179,4204861112
112.4	316.35		0.470	55179,4343750002
112.4	316.35		0.470	55181,7947916668
112.4	316.35		0.470	55181,8086805558
112.4	316.35		0.470	55189,4218750000
112.4	316.35		0.470	55189,4357638890
112.4	316.35		0.470	55191,4239583332
112.4	316.35		0.470	55191,4392361110
112.4	316.35		0.470	55195,8559027780
112.4	316.35		0.470	55204,4892361113
112.4	316.35		0.470	55204,5045138891
112.4	316.35		0.470	55207,4406249998
112.4	316.35		0.470	55207,4565972220
112.4	316.35		0.470	55209,4267361113
112.4	316.35		0.470	55209,4406249998
112.4	316.35		0.470	55218,4253472220
112.4	316.35		0.470	55218,4413194442
112.4	316.35		0.470	55221,8100694446
112.4	316.35		0.470	55221,8246527780
112.4	316.35		0.470	55223,4531250000
112.4	316.35		0.470	55233,4253472220
112.4	316.35		0.470	55233,4392361110
112.4	316.35		0.470	55235,4482638887
112.4	316.35		0.470	55235,4621527777
112.4	316.35		0.470	55237,4322916665
112.4	316.35		0.470	55237,4454861111
112.4	316.35		0.470	55252,8170138891
112.4	316.35		0.470	55252,8343750001
112.4	316.35		0.470	55259,8121527778
112.4	316.35		0.470	55259,8260416668
112.4	316.35		0.470	55262,4378472222
112.4	316.35		0.470	55262,4510416668
112.4	316.35		0.470	55265,4350694446
112.4	316.35		0.470	55265,4475694443
112.4	316.35		0.470	55273,8177083335
112.4	316.35		0.470	55273,8322916669
112.4	316.35		0.470	55276,4315972221
112.4	316.35		0.470	55276,4447916667
112.4	316.35		0.470	55279,4503472224
112.4	316.35		0.470	55279,4635416665
112.4	316.35		0.470	55288,4677083334
112.4	316.35		0.470	55288,4815972224
112.4	316.35		0.470	55291,7989583332
112.4	316.35		0.470	55291,8121527778
112.4	316.35		0.470	55293,4309027777
112.4	316.35		0.470	55293,4447916667
112.4	316.35		0.470	55301,7996527776
112.4	316.35		0.470	55301,8142361110
112.4	316.35		0.470	55303,4732638891
112.4	316.35		0.470	55303,4892361113
112.4	316.35		0.470	55307,4329861109
112.4	316.35		0.470	55307,4461805555
112.4	316.35		0.470	55315,8163194442
112.4	316.35		0.470	55315,8302083332
112.4	316.35		0.470	55318,4246527776
112.4	316.35		0.470	55318,4392361110
112.4	316.35		0.470	55321,4260416669
112.4	316.35		0.470	55321,4392361110
112.4	316.35		0.470	55330,4197916668
112.4	316.35		0.470	55330,4357638890
112.4	316.35		0.470	55333,4274305557
112.4	316.35		0.470	55333,4427083335
112.4	316.35		0.470	55335,4197916668
112.4	316.35		0.470	55335,4329861109
112.4	316.35		0.470	55343,4329861109
112.4	316.35		0.470	55343,8399305558
112.4	316.35		0.470	55345,4253472220
112.4	316.35		0.470	55345,4392361110
112.4	316.35		0.470	55348,4204861112
112.4	316.35		0.470	55348,4343750002
112.4	316.35		0.470	55356,8100694446
112.4	316.35		0.470	55356,8288194444
112.4	316.35		0.470	55360,4364583334
112.4	316.35		0.470	55360,4496527780
112.4	316.35		0.470	55363,4246527776
112.4	316.35		0.470	55363,4378472222
112.4	316.35		0.470	55372,4927083333
112.4	316.35		0.470	55372,5079861111
112.4	316.35		0.470	55375,4288194445
112.4	316.35		0.470	55375,4420138891
112.4	316.35		0.470	55377,4204861112
112.4	316.35		0.470	55377,4204861112
112.4	316.35		0.470	55392,8267361112
112.4	316.35		0.470	55392,8440972222
112.4	316.35		0.470	55404,8072916665
112.4	316.35		0.470	55404,8225694443
112.4	316.35		0.470	55420,8128472222
112.4	316.35		0.470	55420,8281250000
112.4	316.35		0.470	55423,4288194445
112.4	316.35		0.470	55423,4420138891
112.4	316.35		0.470	55426,4322916665
112.4	316.35		0.470	55426,4565972220
112.4	316.35		0.470	55434,7961805556
112.4	316.35		0.470	55434,8107638890
112.4	316.35		0.470	55437,4309027777
112.4	316.35		0.470	55437,4461805555
112.4	316.35		0.470	55440,4197916668
112.4	316.35		0.470	55440,4329861109
112.4	316.35		0.470	55449,3892361112
112.4	316.35		0.470	55449,4024305558
112.4	316.35		0.470	55462,7829861110
112.4	316.35		0.470	55462,8003472220
112.4	316.35		0.470	55465,4260416669
112.4	316.35		0.470	55465,4392361110
112.4	316.35		0.470	55468,4218750000
112.4	316.35		0.470	55468,4357638890
112.4	316.35		0.470	55476,8017361113
112.4	316.35		0.470	55476,8149305554
112.4	316.35		0.470	55479,4315972221
112.4	316.35		0.470	55479,4461805555
112.4	316.35		0.470	55482,4218750000
112.4	316.35		0.470	55482,4364583334
112.4	316.35		0.470	55490,8204861111
112.4	316.35		0.470	55490,8357638889
112.4	316.35		0.470	55493,4197916668
112.4	316.35		0.470	55493,4329861109
112.4	316.35		0.470	55496,4128472223
112.4	316.35		0.470	55496,4267361113
112.4	316.35		0.470	55504,7940972224
112.4	316.35		0.470	55504,8072916665
112.4	316.35		0.470	55507,4086805554
112.4	316.35		0.470	55507,4211805556
112.4	316.35		0.470	55510,4288194445
112.4	316.35		0.470	55510,4434027779
112.4	316.35		0.470	55518,7975694444
112.4	316.35		0.470	55518,8135416666
112.4	316.35		0.470	55521,4274305557
112.4	316.35		0.470	55521,4413194442
112.4	316.35		0.470	55524,4114583335
112.4	316.35		0.470	55524,4239583332
112.4	316.35		0.470	55532,8100694446
112.4	316.35		0.470	55532,8232638887
112.4	316.35		0.470	55535,4427083335
112.4	316.35		0.470	55535,4565972220
112.4	316.35		0.470	55547,7940972224
112.4	316.35		0.470	55547,8072916665
112.4	316.35		0.470	55549,4204861112
112.4	316.35		0.470	55549,4350694446
112.4	316.35		0.470	55552,4295138889
112.4	316.35		0.470	55552,4427083335
112.4	316.35		0.470	55561,4385416666
112.4	316.35		0.470	55561,4538194444
112.4	316.35		0.470	55564,4329861109
112.4	316.35		0.470	55564,4461805555
112.4	316.35		0.470	55566,7989583332
112.4	316.35		0.470	55566,8100694446
112.4	316.35		0.470	55581,8850694443
112.4	316.35		0.470	55581,8982638889
112.4	316.35		0.470	55590,8107638890
112.4	316.35		0.470	55590,8246527780
112.4	316.35		0.470	55592,4496527780
112.4	316.35		0.470	55592,4635416665
112.4	316.35		0.470	55594,4322916665
112.4	316.35		0.470	55594,4461805555
112.4	316.35		0.470	55602,8281250000
112.4	316.35		0.470	55602,8482638891
112.4	316.35		0.470	55611,8315972220
112.4	316.35		0.470	55611,8475694442
112.4	316.35		0.470	55623,8079861109
112.4	316.35		0.470	55623,8218749999
112.4	316.35		0.470	55631,4295138889
112.4	316.35		0.470	55631,4427083335
112.4	316.35		0.470	55633,4295138889
112.4	316.35		0.470	55633,4427083335
112.4	316.35		0.470	55636,4267361113
112.4	316.35		0.470	55636,4413194442
112.4	316.35		0.470	55644,8156249998
112.4	316.35		0.470	55644,8350694445
112.4	316.35		0.470	55647,4288194445
112.4	316.35		0.470	55647,4427083335
112.4	316.35		0.470	55650,4288194445
112.4	316.35		0.470	55650,4420138891
112.4	316.35		0.470	55658,8079861109
112.4	316.35		0.470	55658,8211805555
112.4	316.35		0.470	55661,4406249998
112.4	316.35		0.470	55661,4510416668
112.4	316.35		0.470	55664,4218750000
112.4	316.35		0.470	55664,4350694446
112.4	316.35		0.470	55671,4190972224
112.4	316.35		0.470	55671,8072916665
112.4	316.35		0.470	55674,4246527776
112.4	316.35		0.470	55674,4378472222
112.4	316.35		0.470	55677,4239583332
112.4	316.35		0.470	55677,4371527778
112.4	316.35		0.470	55686,7968750000
112.4	316.35		0.470	55686,8072916665
112.4	316.35		0.470	55689,4211805556
112.4	316.35		0.470	55689,4343750002
112.4	316.35		0.470	55692,4246527776
112.4	316.35		0.470	55692,4378472222
112.4	316.35		0.470	55700,8003472220
112.4	316.35		0.470	55700,8135416666
112.4	316.35		0.470	55703,3968750001
112.4	316.35		0.470	55703,4072916666
112.4	316.35		0.470	55706,4232638888
112.4	316.35		0.470	55706,4364583334
112.4	316.35		0.470	55714,7989583332
112.4	316.35		0.470	55714,8121527778
112.4	316.35		0.470	55717,4322916665
112.4	316.35		0.470	55717,4454861111
112.4	316.35		0.470	55720,4288194445
112.4	316.35		0.470	55720,4440972223
112.4	316.35		0.470	55728,8017361113
112.4	316.35		0.470	55728,8149305554
112.4	316.35		0.470	55731,4420138891
112.4	316.35		0.470	55731,4552083332
112.4	316.35		0.470	55734,4197916668
112.4	316.35		0.470	55734,4329861109
112.4	316.35		0.470	55742,7968750000
112.4	316.35		0.470	55742,8100694446
112.4	316.35		0.470	55745,4204861112
112.4	316.35		0.470	55745,4336805558
112.4	316.35		0.470	55748,4246527776
112.4	316.35		0.470	55748,4378472222
112.4	316.35		0.470	55756,8017361113
112.4	316.35		0.470	55756,8149305554
112.4	316.35		0.470	55759,4045138890
112.4	316.35		0.470	55759,4190972224
112.4	316.35		0.470	55762,4322916665
112.4	316.35		0.470	55770,7989583332
112.4	316.35		0.470	55770,8121527778
112.4	316.35		0.470	55773,4302083333
112.4	316.35		0.470	55773,4434027779
112.4	316.35		0.470	55776,3961805557
112.4	316.35		0.470	55776,4107638891
112.4	316.35		0.470	55785,7996527776
112.4	316.35		0.470	55785,8190972223
112.4	316.35		0.470	55788,4218750000
112.4	316.35		0.470	55788,4350694446
112.4	316.35		0.470	55790,4190972224
112.4	316.35		0.470	55790,4322916665
112.4	316.35		0.470	55798,8024305557
112.4	316.35		0.470	55798,8156249998
112.4	316.35		0.470	55801,4253472220
112.4	316.35		0.470	55801,4385416666
112.4	316.35		0.470	55804,4184027780
112.4	316.35		0.470	55804,4392361110
112.4	316.35		0.470	55812,8385416665
112.4	316.35		0.470	55812,8517361111
112.4	316.35		0.470	55815,4607638889
112.4	316.35		0.470	55815,4739583335
112.4	316.35		0.470	55818,4197916668
112.4	316.35		0.470	55818,4329861109
112.4	316.35		0.470	55826,7954861112
112.4	316.35		0.470	55826,8093750002
112.4	316.35		0.470	55829,4253472220
112.4	316.35		0.470	55829,4392361110
112.4	316.35		0.470	55832,4059027778
112.4	316.35		0.470	55832,4190972224
112.4	316.35		0.470	55841,4190972224
112.4	316.35		0.470	55841,4322916665
112.4	316.35		0.470	55843,4190972224
112.4	316.35		0.470	55843,4322916665
112.4	316.35		0.470	55846,4281250001
112.4	316.35		0.470	55846,4413194442
112.4	316.35		0.470	55855,4211805556
112.4	316.35		0.470	55855,4343750002
112.4	316.35		0.470	55857,3940972220
112.4	316.35		0.470	55857,4072916666
112.4	316.35		0.470	55860,3836805555
112.4	316.35		0.470	55860,3968750001
112.4	316.35		0.470	55869,4288194445
112.4	316.35		0.470	55869,4427083335
112.4	316.35		0.470	55871,3947916669
112.4	316.35		0.470	55871,4079861110
112.4	316.35		0.470	55874,3947916669
112.4	316.35		0.470	55874,4086805554
112.4	316.35		0.470	55882,7989583332
112.4	316.35		0.470	55882,8121527778
112.4	316.35		0.470	55889,7947916668
112.4	316.35		0.470	55889,8086805558
112.4	316.35		0.470	55896,8447916666
112.4	316.35		0.470	55896,8600694444
112.4	316.35		0.470	55911,7621527780
112.4	316.35		0.470	55911,8184027779
112.4	316.35		0.470	55913,4218750000
112.4	316.35		0.470	55913,4357638890
112.4	316.35		0.470	55916,4197916668
112.4	316.35		0.470	55916,4329861109
112.4	316.35		0.470	55924,8059027777
112.4	316.35		0.470	55924,8190972223
112.4	316.35		0.470	55927,4274305557
112.4	316.35		0.470	55927,4406249998
112.4	316.35		0.470	55930,4211805556
112.4	316.35		0.470	55930,4343750002
112.4	316.35		0.470	55938,7940972224
112.4	316.35		0.470	55938,8100694446
112.4	316.35		0.470	55952,8184027779
112.4	316.35		0.470	55952,8357638889
112.4	316.35		0.470	55959,7940972224
112.4	316.35		0.470	55959,8100694446
112.4	316.35		0.470	55966,8065972221
112.4	316.35		0.470	55966,8197916667
112.4	316.35		0.470	55969,4385416666
112.4	316.35		0.470	55969,4517361112
112.4	316.35		0.470	55972,4225694444
112.4	316.35		0.470	55972,4357638890
112.4	316.35		0.470	55980,7961805556
112.4	316.35		0.470	55980,8093750002
112.4	316.35		0.470	55983,4190972224
112.4	316.35		0.470	55983,4322916665
112.4	316.35		0.470	55986,4197916668
112.4	316.35		0.470	55986,4329861109
112.4	316.35		0.470	55994,8059027777
112.4	316.35		0.470	55994,8190972223
112.4	316.35		0.470	55997,4190972224
112.4	316.35		0.470	55997,4322916665
112.4	316.35		0.470	56000,4218750000
112.4	316.35		0.470	56000,4350694446
112.4	316.35		0.470	56008,7975694444
112.4	316.35		0.470	56008,8121527778
112.4	316.35		0.470	56011,4322916665
112.4	316.35		0.470	56011,4454861111
112.4	316.35		0.470	56014,4253472220
112.4	316.35		0.470	56014,4385416666
112.4	316.35		0.470	56022,8350694445
112.4	316.35		0.470	56022,8482638891
112.4	316.35		0.470	56025,4253472220
112.4	316.35		0.470	56025,4385416666
112.4	316.35		0.470	56028,4281250001
112.4	316.35		0.470	56028,4413194442
112.4	316.35		0.470	56036,7996527776
112.4	316.35		0.470	56036,8128472222
112.4	316.35		0.470	56040,4267361113
112.4	316.35		0.470	56040,4399305554
112.4	316.35		0.470	56042,7968750000
112.4	316.35		0.470	56042,8100694446
112.4	316.35		0.470	56050,7940972224
112.4	316.35		0.470	56050,8072916665
112.4	316.35		0.470	56054,7940972224
112.4	316.35		0.470	56054,8072916665
112.4	316.35		0.470	56056,7940972224
112.4	316.35		0.470	56056,8072916665
112.4	316.35		0.470	56064,8079861109
112.4	316.35		0.470	56064,8246527780
112.4	316.35		0.470	56067,7961805556
112.4	316.35		0.470	56067,8093750002
112.4	316.35		0.470	56070,7982638888
112.4	316.35		0.470	56070,8114583334
112.4	316.35		0.470	56078,8038194445
112.4	316.35		0.470	56078,8170138891
112.4	316.35		0.470	56081,4253472220
112.4	316.35		0.470	56081,4385416666
112.4	316.35		0.470	56084,4218750000
112.4	316.35		0.470	56084,4350694446
112.4	316.35		0.470	56092,8072916665
112.4	316.35		0.470	56092,8204861111
112.4	316.35		0.470	56095,7947916668
112.4	316.35		0.470	56095,8079861109
112.4	316.35		0.470	56098,7940972224
112.4	316.35		0.470	56098,8072916665
112.4	316.35		0.470	56106,7975694444
112.4	316.35		0.470	56106,8156249998
112.4	316.35		0.470	56109,4371527778
112.4	316.35		0.470	56109,4503472224
112.4	316.35		0.470	56112,4503472224
112.4	316.35		0.470	56112,4635416665
112.4	316.35		0.470	56121,8010416669
112.4	316.35		0.470	56121,8142361110
112.4	316.35		0.470	56123,4253472220
112.4	316.35		0.470	56123,4385416666
112.4	316.35		0.470	56126,4204861112
112.4	316.35		0.470	56126,4336805558
112.4	316.35		0.470	56134,7934027780
112.4	316.35		0.470	56134,8065972221
112.4	316.35		0.470	56137,4232638888
112.4	316.35		0.470	56137,4364583334
112.4	316.35		0.470	56140,4267361113
112.4	316.35		0.470	56140,4399305554
112.4	316.35		0.470	56146,8746527778
112.4	316.35		0.470	56146,8927083332
112.4	316.35		0.470	56148,7996527776
112.4	316.35		0.470	56148,8128472222
112.4	316.35		0.470	56151,4197916668
112.4	316.35		0.470	56151,4329861109
112.4	316.35		0.470	56154,4211805556
112.4	316.35		0.470	56154,4343750002
112.4	316.35		0.470	56162,8031250001
112.4	316.35		0.470	56162,8135416666
112.4	316.35		0.470	56165,4315972221
112.4	316.35		0.470	56165,4447916667
112.4	316.35		0.470	56168,4190972224
112.4	316.35		0.470	56168,4322916665
112.4	316.35		0.470	56177,8065972221
112.4	316.35		0.470	56177,8197916667
112.4	316.35		0.470	56179,4246527776
112.4	316.35		0.470	56179,4378472222
112.4	316.35		0.470	56182,4281250001
112.4	316.35		0.470	56182,4413194442
112.4	316.35		0.470	56184,8260416668
112.4	316.35		0.470	56184,8461805554
112.4	316.35		0.470	56186,8052083333
112.4	316.35		0.470	56186,8218749999
112.4	316.35		0.470	56187,8149305554
112.4	316.35		0.470	56187,8329861113
112.4	316.35		0.470	56188,8079861109
112.4	316.35		0.470	56188,8253472224
112.4	316.35		0.470	56190,7996527776
112.4	316.35		0.470	56190,8128472222
112.4	316.35		0.470	56190,4204861112
112.4	316.35		0.470	56198,8378472221
112.4	316.35		0.470	56198,8524305555
112.4	316.35		0.470	56200,8517361111
112.4	316.35		0.470	56200,8739583334
112.4	316.35		0.470	56202,8489583335
112.4	316.35		0.470	56202,8649305557
112.4	316.35		0.470	56204,7968750000
112.4	316.35		0.470	56204,8100694446
112.4	316.35		0.470	56207,8086805558
112.4	316.35		0.470	56207,8218749999
112.4	316.35		0.470	56211,8600694444
112.4	316.35		0.470	56211,8753472222
112.4	316.35		0.470	56212,8392361109
112.4	316.35		0.470	56212,8572916668
112.4	316.35		0.470	56214,8246527780
112.4	316.35		0.470	56214,8385416665
112.4	316.35		0.470	56215,8392361109
112.4	316.35		0.470	56215,8538194443
112.4	316.35		0.470	56216,8253472224
112.4	316.35		0.470	56216,8399305558
112.4	316.35		0.470	56218,7968750000
112.4	316.35		0.470	56218,8100694446
112.4	316.35		0.470	56221,4197916668
112.4	316.35		0.470	56221,4329861109
112.4	316.35		0.470	56224,4232638888
112.4	316.35		0.470	56224,4364583334
112.4	316.35		0.470	56226,8114583334
112.4	316.35		0.470	56226,8246527780
112.4	316.35		0.470	56228,8107638890
112.4	316.35		0.470	56228,8253472224
112.4	316.35		0.470	56229,8100694446
112.4	316.35		0.470	56229,8274305556
112.4	316.35		0.470	56230,8267361112
112.4	316.35		0.470	56230,8392361109
112.4	316.35		0.470	56232,8045138889
112.4	316.35		0.470	56232,8177083335
112.4	316.35		0.470	56235,4190972224
112.4	316.35		0.470	56235,4322916665
112.4	316.35		0.470	56238,3829861111
112.4	316.35		0.470	56238,3961805557
112.4	316.35		0.470	56240,8649305557
112.4	316.35		0.470	56240,8795138891
112.4	316.35		0.470	56242,8593750000
112.4	316.35		0.470	56242,8739583334
112.4	316.35		0.470	56243,8253472224
112.4	316.35		0.470	56243,8392361109
112.4	316.35		0.470	56244,8031250001
112.4	316.35		0.470	56244,8170138891
112.4	316.35		0.470	56246,7940972224
112.4	316.35		0.470	56246,8072916665
112.4	316.35		0.470	56249,4010416665
112.4	316.35		0.470	56249,4142361111
112.4	316.35		0.470	56252,3899305556
112.4	316.35		0.470	56252,4031250002
112.4	316.35		0.470	56254,8385416665
112.4	316.35		0.470	56254,8517361111
112.4	316.35		0.470	56256,8454861110
112.4	316.35		0.470	56256,8579861112
112.4	316.35		0.470	56257,8329861113
112.4	316.35		0.470	56257,8454861110
112.4	316.35		0.470	56258,8322916669
112.4	316.35		0.470	56258,8461805554
112.4	316.35		0.470	56260,7954861112
112.4	316.35		0.470	56260,8086805558
112.4	316.35		0.470	56263,3996527777
112.4	316.35		0.470	56263,4128472223
112.4	316.35		0.470	56266,3996527777
112.4	316.35		0.470	56266,4128472223
112.4	316.35		0.470	56270,8371527777
112.4	316.35		0.470	56270,8496527779
112.4	316.35		0.470	56271,8371527777
112.4	316.35		0.470	56271,8510416667
112.4	316.35		0.470	56272,8371527777
112.4	316.35		0.470	56272,8503472223
112.4	316.35		0.470	56274,8003472220
112.4	316.35		0.470	56274,8135416666
112.4	316.35		0.470	56277,4454861111
112.4	316.35		0.470	56277,4600694445
112.4	316.35		0.470	56280,3829861111
112.4	316.35		0.470	56280,3961805557
112.4	316.35		0.470	56282,8385416665
112.4	316.35		0.470	56282,8517361111
112.4	316.35		0.470	56284,8371527777
112.4	316.35		0.470	56284,8517361111
112.4	316.35		0.470	56288,7947916668
112.4	316.35		0.470	56288,8079861109
112.4	316.35		0.470	56291,4190972224
112.4	316.35		0.470	56291,4322916665
112.4	316.35		0.470	56294,4218750000
112.4	316.35		0.470	56294,4350694446
112.4	316.35		0.470	56296,8399305558
112.4	316.35		0.470	56296,8531249999
112.4	316.35		0.470	56298,8496527779
112.4	316.35		0.470	56298,8586805556
112.4	316.35		0.470	56299,8399305558
112.4	316.35		0.470	56299,8531249999
112.4	316.35		0.470	56300,8274305556
112.4	316.35		0.470	56300,8399305558
112.4	316.35		0.470	56310,8378472221
112.4	316.35		0.470	56310,8517361111
112.4	316.35		0.470	56312,8496527779
112.4	316.35		0.470	56312,8635416669
112.4	316.35		0.470	56313,8260416668
112.4	316.35		0.470	56313,8406250002
112.4	316.35		0.470	56314,8517361111
112.4	316.35		0.470	56314,8656250001
112.4	316.35		0.470	56324,8336805557
112.4	316.35		0.470	56326,8309027776
112.4	316.35		0.470	56326,8447916666
112.4	316.35		0.470	56327,7968750000
112.4	316.35		0.470	56327,8107638890
112.4	316.35		0.470	56328,8315972220
112.4	316.35		0.470	56328,8461805554
112.4	316.35		0.470	56330,8003472220
112.4	316.35		0.470	56330,8142361110
112.4	316.35		0.470	56333,4246527776
112.4	316.35		0.470	56336,4607638889
112.4	316.35		0.470	56336,4739583335
112.4	316.35		0.470	56338,8184027779
112.4	316.35		0.470	56338,8315972220
112.4	316.35		0.470	56340,8322916669
112.4	316.35		0.470	56340,8440972222
112.4	316.35		0.470	56342,8413194446
112.4	316.35		0.470	56342,8552083331
112.4	316.35		0.470	56345,4190972224
112.4	316.35		0.470	56345,4336805558
112.4	316.35		0.470	56347,4190972224
112.4	316.35		0.470	56347,4322916665
112.4	316.35		0.470	56350,4232638888
112.4	316.35		0.470	56350,4364583334
112.4	316.35		0.470	56352,8288194444
112.4	316.35		0.470	56352,8461805554
112.4	316.35		0.470	56354,4552083332
112.4	316.35		0.470	56354,4697916666
112.4	316.35		0.470	56355,8468749998
112.4	316.35		0.470	56355,8607638888
112.4	316.35		0.470	56356,8274305556
112.4	316.35		0.470	56356,8413194446
112.4	316.35		0.470	56361,4406249998
112.4	316.35		0.470	56361,4538194444
112.4	316.35		0.470	56364,4190972224
112.4	316.35		0.470	56364,4322916665
112.4	316.35		0.470	56366,8468749998
112.4	316.35		0.470	56366,8614583332
112.4	316.35		0.470	56369,8218749999
112.4	316.35		0.470	56369,8378472221
112.4	316.35		0.470	56370,8413194446
112.4	316.35		0.470	56370,8552083331
112.4	316.35		0.470	56372,8128472222
112.4	316.35		0.470	56375,4232638888
112.4	316.35		0.470	56375,4364583334
112.4	316.35		0.470	56378,4322916665
112.4	316.35		0.470	56380,8253472224
112.4	316.35		0.470	56380,8378472221
112.4	316.35		0.470	56382,8288194444
112.4	316.35		0.470	56382,8447916666
112.4	316.35		0.470	56383,8385416665
112.4	316.35		0.470	56383,8503472223
112.4	316.35		0.470	56384,4350694446
112.4	316.35		0.470	56384,4204861112
112.4	316.35		0.470	56386,7961805556
112.4	316.35		0.470	56386,8100694446
112.4	316.35		0.470	56389,4197916668
112.4	316.35		0.470	56389,4336805558
112.4	316.35		0.470	56392,4302083333
112.4	316.35		0.470	56392,4434027779
112.4	316.35		0.470	56394,8371527777
112.4	316.35		0.470	56394,8510416667
112.4	316.35		0.470	56396,8378472221
112.4	316.35		0.470	56396,8510416667
112.4	316.35		0.470	56397,8392361109
112.4	316.35		0.470	56397,8524305555
112.4	316.35		0.470	56398,8392361109
112.4	316.35		0.470	56398,8531249999
112.4	316.35		0.470	56401,4239583332
112.4	316.35		0.470	56401,4371527778
112.4	316.35		0.470	56403,4239583332
112.4	316.35		0.470	56403,4371527778
112.4	316.35		0.470	56406,4260416669
112.4	316.35		0.470	56406,4392361110
112.4	316.35		0.470	56408,8385416665
112.4	316.35		0.470	56408,8517361111
112.4	316.35		0.470	56410,8392361109
112.4	316.35		0.470	56410,8538194443
112.4	316.35		0.470	56412,8392361109
112.4	316.35		0.470	56412,8531249999
112.4	316.35		0.470	56414,8177083335
112.4	316.35		0.470	56414,8309027776
112.4	316.35		0.470	56417,4197916668
112.4	316.35		0.470	56417,4329861109
112.4	316.35		0.470	56420,4190972224
112.4	316.35		0.470	56420,4322916665
112.4	316.35		0.470	56422,8399305558
112.4	316.35		0.470	56422,8545138887
112.4	316.35		0.470	56424,8385416665
112.4	316.35		0.470	56424,8531249999
112.4	316.35		0.470	56425,8385416665
112.4	316.35		0.470	56425,8531249999
112.4	316.35		0.470	56426,8371527777
112.4	316.35		0.470	56426,8510416667
112.4	316.35		0.470	56428,8059027777
112.4	316.35		0.470	56428,8190972223
112.4	316.35		0.470	56431,4211805556
112.4	316.35		0.470	56431,4399305554
112.4	316.35		0.470	56434,4295138889
112.4	316.35		0.470	56434,4427083335
112.4	316.35		0.470	56436,8385416665
112.4	316.35		0.470	56438,8413194446
112.4	316.35		0.470	56438,8559027780
112.4	316.35		0.470	56439,8531249999
112.4	316.35		0.470	56440,8413194446
112.4	316.35		0.470	56440,8559027780
112.4	316.35		0.470	56442,8045138889
112.4	316.35		0.470	56442,8190972223
112.4	316.35		0.470	56445,4489583331
112.4	316.35		0.470	56448,4190972224
112.4	316.35		0.470	56448,4322916665
112.4	316.35		0.470	56457,4204861112
112.4	316.35		0.470	56457,4336805558
112.4	316.35		0.470	56459,4378472222
112.4	316.35		0.470	56459,4503472224
112.4	316.35		0.470	56462,4225694444
112.4	316.35		0.470	56462,4357638890
112.4	316.35		0.470	56471,4302083333
112.4	316.35		0.470	56471,4434027779
112.4	316.35		0.470	56473,4406249998
112.4	316.35		0.470	56473,4545138888
112.4	316.35		0.470	56476,4628472221
112.4	316.35		0.470	56476,4760416667
112.4	316.35		0.470	56480,2954861112
112.4	316.35		0.470	56480,3114583334
112.4	316.35		0.470	56481,2871527779
112.4	316.35		0.470	56481,3031250001
112.4	316.35		0.470	56482,2857638891
112.4	316.35		0.470	56482,3010416669
112.4	316.35		0.470	56484,8010416669
112.4	316.35		0.470	56484,8142361110
112.4	316.35		0.470	56487,4774305555
112.4	316.35		0.470	56490,4684027778
112.4	316.35		0.470	56490,4815972224
112.4	316.35		0.470	56492,4204861112
112.4	316.35		0.470	56492,4350694446
112.4	316.35		0.470	56494,4232638888
112.4	316.35		0.470	56494,4378472222
112.4	316.35		0.470	56495,4218750000
112.4	316.35		0.470	56495,4364583334
112.4	316.35		0.470	56496,4218750000
112.4	316.35		0.470	56496,4364583334
112.4	316.35		0.470	56498,7961805556
112.4	316.35		0.470	56498,8093750002
112.4	316.35		0.470	56501,4211805556
112.4	316.35		0.470	56501,4343750002
112.4	316.35		0.470	56504,4190972224
112.4	316.35		0.470	56504,4322916665
112.4	316.35		0.470	56506,4295138889
112.4	316.35		0.470	56506,4434027779
112.4	316.35		0.470	56508,4295138889
112.4	316.35		0.470	56508,4434027779
112.4	316.35		0.470	56509,4260416669
112.4	316.35		0.470	56509,4399305554
112.4	316.35		0.470	56510,4288194445
112.4	316.35		0.470	56510,4420138891
112.4	316.35		0.470	56513,4309027777
112.4	316.35		0.470	56513,4440972223
112.4	316.35		0.470	56515,4190972224
112.4	316.35		0.470	56515,4322916665
112.4	316.35		0.470	56518,4350694446
112.4	316.35		0.470	56518,4482638887
112.4	316.35		0.470	56520,3913194444
112.4	316.35		0.470	56520,4038194446
112.4	316.35		0.470	56522,4302083333
112.4	316.35		0.470	56522,4447916667
112.4	316.35		0.470	56523,8427083334
112.4	316.35		0.470	56523,8572916668
112.4	316.35		0.470	56524,8427083334
112.4	316.35		0.470	56524,8572916668
112.4	316.35		0.470	56526,7961805556
112.4	316.35		0.470	56526,8093750002
112.4	316.35		0.470	56529,4190972224
112.4	316.35		0.470	56529,4322916665
112.4	316.35		0.470	56532,4190972224
112.4	316.35		0.470	56534,8392361109
112.4	316.35		0.470	56534,8531249999
112.4	316.35		0.470	56536,8371527777
112.4	316.35		0.470	56536,8510416667
112.4	316.35		0.470	56537,8399305558
112.4	316.35		0.470	56537,8538194443
112.4	316.35		0.470	56538,8371527777
112.4	316.35		0.470	56538,8510416667
112.4	316.35		0.470	56569,7954861112
112.4	316.35		0.470	56569,8086805558
112.4	316.35		0.470	56571,4190972224
112.4	316.35		0.470	56571,4322916665
112.4	316.35		0.470	56574,4197916668
112.4	316.35		0.470	56574,4329861109
112.4	316.35		0.470	56576,8496527779
112.4	316.35		0.470	56576,8635416669
112.4	316.35		0.470	56578,8427083334
112.4	316.35		0.470	56578,8565972224
112.4	316.35		0.470	56579,8392361109
112.4	316.35		0.470	56579,8531249999
112.4	316.35		0.470	56580,8385416665
112.4	316.35		0.470	56580,8531249999
112.4	316.35		0.470	56583,3989583333
112.4	316.35		0.470	56583,4121527779
112.4	316.35		0.470	56585,4190972224
112.4	316.35		0.470	56585,4322916665
112.4	316.35		0.470	56588,4190972224
112.4	316.35		0.470	56588,4322916665
112.4	316.35		0.470	56589,8531249999
112.4	316.35		0.470	56589,8670138889
112.4	316.35		0.470	56591,8385416665
112.4	316.35		0.470	56591,8531249999
112.4	316.35		0.470	56593,8371527777
112.4	316.35		0.470	56593,8510416667
112.4	316.35		0.470	56595,8399305558
112.4	316.35		0.470	56595,8545138887
112.4	316.35		0.470	56596,8017361113
112.4	316.35		0.470	56596,8149305554
112.4	316.35		0.470	56605,8385416665
112.4	316.35		0.470	56605,8538194443
112.4	316.35		0.470	56607,8385416665
112.4	316.35		0.470	56607,8531249999
112.4	316.35		0.470	56609,8371527777
112.4	316.35		0.470	56609,8510416667
112.4	316.35		0.470	56611,7968750000
112.4	316.35		0.470	56611,8100694446
112.4	316.35		0.470	56614,4225694444
112.4	316.35		0.470	56614,4357638890
112.4	316.35		0.470	56617,8718750002
112.4	316.35		0.470	56617,8864583331
112.4	316.35		0.470	56619,8392361109
112.4	316.35		0.470	56621,8399305558
112.4	316.35		0.470	56621,8545138887
112.4	316.35		0.470	56623,8392361109
112.4	316.35		0.470	56623,8489583335
112.4	316.35		0.470	56624,8211805555
112.4	316.35		0.470	56624,8343750001
112.4	316.35		0.470	56628,4246527776
112.4	316.35		0.470	56628,4378472222
112.4	316.35		0.470	56630,4267361113
112.4	316.35		0.470	56630,4399305554
112.4	316.35		0.470	56632,8413194446
112.4	316.35		0.470	56632,8531249999
112.4	316.35		0.470	56633,8385416665
112.4	316.35		0.470	56633,8531249999
112.4	316.35		0.470	56635,8371527777
112.4	316.35		0.470	56635,8510416667
112.4	316.35		0.470	56637,8385416665
112.4	316.35		0.470	56637,8517361111
112.4	316.35		0.470	56638,7975694444
112.4	316.35		0.470	56638,8107638890
112.4	316.35		0.470	56642,4190972224
112.4	316.35		0.470	56642,4322916665
112.4	316.35		0.470	56642,4322916665
112.4	316.35		0.470	56644,4197916668
112.4	316.35		0.470	56644,4329861109
112.4	316.35		0.470	56645,8496527779
112.4	316.35		0.470	56645,8649305557
112.4	316.35		0.470	56647,8427083334
112.4	316.35		0.470	56647,8565972224
112.4	316.35		0.470	56656,8607638888
112.4	316.35		0.470	56656,8739583334
112.4	316.35		0.470	56658,4190972224
112.4	316.35		0.470	56658,4322916665
112.4	316.35		0.470	56659,8427083334
112.4	316.35		0.470	56659,8565972224
112.4	316.35		0.470	56659,8565972224
112.4	316.35		0.470	56661,8427083334
112.4	316.35		0.470	56661,8565972224
112.4	316.35		0.470	56661,8565972224
112.4	316.35		0.470	56663,8454861110
112.4	316.35		0.470	56663,8579861112
112.4	316.35		0.470	56665,8593750000
112.4	316.35		0.470	56666,7947916668
112.4	316.35		0.470	56670,4267361113
112.4	316.35		0.470	56670,4399305554
112.4	316.35		0.470	56672,4364583334
112.4	316.35		0.470	56672,4232638888
112.4	316.35		0.470	56673,8399305558
112.4	316.35		0.470	56673,8517361111
112.4	316.35		0.470	56701,8076388887
112.4	316.35		0.470	56701,8215277777
112.4	316.35		0.470	56703,8427083334
112.4	316.35		0.470	56703,8565972224
112.4	316.35		0.470	56705,8427083334
112.4	316.35		0.470	56705,8565972224
112.4	316.35		0.470	56707,8392361109
112.4	316.35		0.470	56707,8531249999
112.4	316.35		0.470	56708,8114583334
112.4	316.35		0.470	56708,8246527780
112.4	316.35		0.470	56712,4329861109
112.4	316.35		0.470	56712,4461805555
112.4	316.35		0.470	56714,4225694444
112.4	316.35		0.470	56714,4357638890
112.4	316.35		0.470	56717,8392361109
112.4	316.35		0.470	56717,8531249999
112.4	316.35		0.470	56719,8399305558
112.4	316.35		0.470	56719,8538194443
112.4	316.35		0.470	56721,8392361109
112.4	316.35		0.470	56721,8531249999
112.4	316.35		0.470	56722,7940972224
112.4	316.35		0.470	56722,8072916665
112.4	316.35		0.470	56726,4267361113
112.4	316.35		0.470	56726,4399305554
112.4	316.35		0.470	56728,4260416669
112.4	316.35		0.470	56728,4392361110
112.4	316.35		0.470	56729,8388888887
112.4	316.35		0.470	56729,8472222220
112.4	316.35		0.470	56731,8413194446
112.4	316.35		0.470	56731,8552083331
112.4	316.35		0.470	56733,8392361109
112.4	316.35		0.470	56733,8531249999
112.4	316.35		0.470	56735,8399305558
112.4	316.35		0.470	56735,8531249999
112.4	316.35		0.470	56736,8059027777
112.4	316.35		0.470	56736,8190972223
112.4	316.35		0.470	56740,4274305557
112.4	316.35		0.470	56740,4406249998
112.4	316.35		0.470	56742,4267361113
112.4	316.35		0.470	56742,4399305554
112.4	316.35		0.470	56743,8357638889
112.4	316.35		0.470	56743,8437500000
112.4	316.35		0.470	56745,8385416665
112.4	316.35		0.470	56745,8531249999
112.4	316.35		0.470	56747,8392361109
112.4	316.35		0.470	56747,8531249999
112.4	316.35		0.470	56749,8399305558
112.4	316.35		0.470	56749,8545138887
112.4	316.35		0.470	56750,7961805556
112.4	316.35		0.470	56750,8093750002
112.4	316.35		0.470	56754,8458333332
112.4	316.35		0.470	56754,8840277777
112.4	316.35		0.470	56756,8354166667
112.4	316.35		0.470	56756,8493055557
112.4	316.35		0.470	56757,8392361109
112.4	316.35		0.470	56757,8531249999
112.4	316.35		0.470	56759,8413194446
112.4	316.35		0.470	56759,8552083331
112.4	316.35		0.470	56761,8399305558
112.4	316.35		0.470	56761,8552083331
112.4	316.35		0.470	56763,8385416665
112.4	316.35		0.470	56763,8531249999
112.4	316.35		0.470	56764,7940972224
112.4	316.35		0.470	56764,8072916665
112.4	316.35		0.470	56767,4649305558
112.4	316.35		0.470	56767,4781249999
112.4	316.35		0.470	56770,4190972224
112.4	316.35		0.470	56770,4322916665
112.4	316.35		0.470	56771,8399305558
112.4	316.35		0.470	56771,8545138887
112.4	316.35		0.470	56773,8385416665
112.4	316.35		0.470	56773,8531249999
112.4	316.35		0.470	56777,8392361109
112.4	316.35		0.470	56777,8531249999
112.4	316.35		0.470	56785,8385416665
112.4	316.35		0.470	56785,8531249999
112.4	316.35		0.470	56787,8392361109
112.4	316.35		0.470	56787,8531249999
112.4	316.35		0.470	56789,8385416665
112.4	316.35		0.470	56789,8531249999
112.4	316.35		0.470	56791,8392361109
112.4	316.35		0.470	56791,8531249999
112.4	316.35		0.470	56792,7989583332
112.4	316.35		0.470	56792,8121527778
112.4	316.35		0.470	56795,4190972224
112.4	316.35		0.470	56798,4267361113
112.4	316.35		0.470	56798,4399305554
112.4	316.35		0.470	56799,8385416665
112.4	316.35		0.470	56799,8531249999
112.4	316.35		0.470	56801,8392361109
112.4	316.35		0.470	56801,8531249999
112.4	316.35		0.470	56803,8385416665
112.4	316.35		0.470	56803,8531249999
112.4	316.35		0.470	56805,8392361109
112.4	316.35		0.470	56805,8531249999
112.4	316.35		0.470	56806,8024305557
112.4	316.35		0.470	56806,8156249998
112.4	316.35		0.470	56808,4190972224
112.4	316.35		0.470	56808,4322916665
112.4	316.35		0.470	56812,4190972224
112.4	316.35		0.470	56812,4322916665
112.4	316.35		0.470	56813,8388888887
112.4	316.35		0.470	56813,8562500002
112.4	316.35		0.470	56815,8392361109
112.4	316.35		0.470	56815,8531249999
112.4	316.35		0.470	56815,8392361109
112.4	316.35		0.470	56817,8545138887
112.4	316.35		0.470	56817,8545138887
112.4	316.35		0.470	56819,8406250002
112.4	316.35		0.470	56819,8538194443
112.4	316.35		0.470	56820,7538194442
112.4	316.35		0.470	56820,7670138888
112.4	316.35		0.470	56823,4197916668
112.4	316.35		0.470	56823,4329861109
112.4	316.35		0.470	56826,4190972224
112.4	316.35		0.470	56826,4322916665
112.4	316.35		0.470	56827,8388888887
112.4	316.35		0.470	56827,8562500002
112.4	316.35		0.470	56829,8392361109
112.4	316.35		0.470	56829,8531249999
112.4	316.35		0.470	56831,8385416665
112.4	316.35		0.470	56831,8531249999
112.4	316.35		0.470	56833,8385416665
112.4	316.35		0.470	56833,8531249999
112.4	316.35		0.470	56834,7940972224
112.4	316.35		0.470	56834,8072916665
112.4	316.35		0.470	56837,4190972224
112.4	316.35		0.470	56837,4322916665
112.4	316.35		0.470	56840,4197916668
112.4	316.35		0.470	56840,4329861109
112.4	316.35		0.470	56840,4329861109
112.4	316.35		0.470	56841,8354166667
112.4	316.35		0.470	56841,8493055557
112.4	316.35		0.470	56843,8385416665
112.4	316.35		0.470	56843,8531249999
112.4	316.35		0.470	56845,8392361109
112.4	316.35		0.470	56847,8385416665
112.4	316.35		0.470	56849,8354166667
112.4	316.35		0.470	56849,8506944445
112.4	316.35		0.470	56852,8388888887
112.4	316.35		0.470	56852,8527777777
112.4	316.35		0.470	56854,8354166667
112.4	316.35		0.470	56854,8493055557
112.4	316.35		0.470	56855,8392361109
112.4	316.35		0.470	56855,8531249999
112.4	316.35		0.470	56857,8385416665
112.4	316.35		0.470	56857,8531249999
112.4	316.35		0.470	56859,8385416665
112.4	316.35		0.470	56859,8531249999
112.4	316.35		0.470	56861,8392361109
112.4	316.35		0.470	56861,8531249999
112.4	316.35		0.470	56864,8354166667
112.4	316.35		0.470	56864,8493055557
112.4	316.35		0.470	56866,8388888887
112.4	316.35		0.470	56866,8527777777
112.4	316.35		0.470	56868,8354166667
112.4	316.35		0.470	56868,8493055557
112.4	316.35		0.470	56869,8392361109
112.4	316.35		0.470	56869,8531249999
112.4	316.35		0.470	56871,8385416665
112.4	316.35		0.470	56871,8524305555
112.4	316.35		0.470	56873,8392361109
112.4	316.35		0.470	56873,8531249999
112.4	316.35		0.470	56873,8531249999
112.4	316.35		0.470	56875,8586805556
112.4	316.35		0.470	56876,8468749998
112.4	316.35		0.470	56876,8600694444
112.4	316.35		0.470	56879,4725694442
112.4	316.35		0.470	56879,4857638888
112.4	316.35		0.470	56885,8392361109
112.4	316.35		0.470	56885,8531249999
112.4	316.35		0.470	56890,8440972222
112.4	316.35		0.470	56890,8565972224
112.4	316.35		0.470	56893,4197916668
112.4	316.35		0.470	56893,4322916665
112.4	316.35		0.470	56896,4295138889
112.4	316.35		0.470	56896,4427083335
112.4	316.35		0.470	56897,8385416665
112.4	316.35		0.470	56897,8531249999
112.4	316.35		0.470	56899,8392361109
112.4	316.35		0.470	56899,8531249999
112.4	316.35		0.470	56901,8385416665
112.4	316.35		0.470	56901,8531249999
112.4	316.35		0.470	56903,8392361109
112.4	316.35		0.470	56904,8489583335
112.4	316.35		0.470	56904,8621527776
112.4	316.35		0.470	56907,4274305557
112.4	316.35		0.470	56907,4399305554
112.4	316.35		0.470	56910,4246527776
112.4	316.35		0.470	56910,4378472222
112.4	316.35		0.470	56913,8392361109
112.4	316.35		0.470	56913,8531249999
112.4	316.35		0.470	56941,8392361109
112.4	316.35		0.470	56941,8538194443
112.4	316.35		0.470	56943,8385416665
112.4	316.35		0.470	56943,8531249999
112.4	316.35		0.470	56945,8392361109
112.4	316.35		0.470	56945,8538194443
112.4	316.35		0.470	56951,8052083333
112.4	316.35		0.470	56953,4190972224
112.4	316.35		0.470	56953,4302083333
112.4	316.35		0.470	56955,8357638889
112.4	316.35		0.470	56955,8510416667
112.4	316.35		0.470	56957,8392361109
112.4	316.35		0.470	56957,8510416667
112.4	316.35		0.470	56959,8392361109
112.4	316.35		0.470	56959,8510416667
112.4	316.35		0.470	56960,7940972224
112.4	316.35		0.470	56960,8052083333
112.4	316.35		0.470	56964,4239583332
112.4	316.35		0.470	56964,4350694446
112.4	316.35		0.470	56981,8413194446
112.4	316.35		0.470	56981,8531249999
112.4	316.35		0.470	56983,4225694444
112.4	316.35		0.470	56983,4343750002
112.4	316.35		0.470	56985,8385416665
112.4	316.35		0.470	56985,8503472223
112.4	316.35		0.470	56988,8392361109
112.4	316.35		0.470	56988,8510416667
112.4	316.35		0.470	56990,8392361109
112.4	316.35		0.470	56990,8510416667
112.4	316.35		0.470	56991,7940972224
112.4	316.35		0.470	56991,8052083333
112.4	316.35		0.470	56964,4239583332
112.4	316.35		0.470	56964,4350694446
112.4	316.35		0.470	56981,8413194446
112.4	316.35		0.470	56981,8531249999
112.4	316.35		0.470	56983,4225694444
112.4	316.35		0.470	56983,4343750002
112.4	316.35		0.470	56985,8385416665
112.4	316.35		0.470	56985,8503472223
112.4	316.35		0.470	56988,7614583331
112.4	316.35		0.470	56988,8142361110
112.4	316.35		0.470	56992,3774305554
112.4	316.35		0.470	56992,3885416668
112.4	316.35		0.470	56994,4190972224
112.4	316.35		0.470	56994,4302083333
112.4	316.35		0.470	56995,8399305558
112.4	316.35		0.470	56995,8517361111
112.4	316.35		0.470	56997,8392361109
112.4	316.35		0.470	56997,8510416667
112.4	316.35		0.470	56999,8385416665
112.4	316.35		0.470	56999,8510416667
112.4	316.35		0.470	57001,8392361109
112.4	316.35		0.470	57001,8517361111
112.4	316.35		0.470	57002,7947916668
112.4	316.35		0.470	57002,8059027777
112.4	316.35		0.470	57005,4246527776
112.4	316.35		0.470	57005,4357638890
112.4	316.35		0.470	57008,4239583332
112.4	316.35		0.470	57009,8392361109
112.4	316.35		0.470	57009,8510416667
112.4	316.35		0.470	57011,8385416665
112.4	316.35		0.470	57011,8510416667
112.4	316.35		0.470	57013,8392361109
112.4	316.35		0.470	57013,8510416667
112.4	316.35		0.470	57015,8392361109
112.4	316.35		0.470	57015,8510416667
112.4	316.35		0.470	57017,7954861112
112.4	316.35		0.470	57017,8065972221
112.4	316.35		0.470	57020,4218750000
112.4	316.35		0.470	57020,4329861109
112.4	316.35		0.470	57023,4309027777
112.4	316.35		0.470	57023,4197916668
112.4	316.35		0.470	57025,8399305558
112.4	316.35		0.470	57025,8517361111
112.4	316.35		0.470	57027,8385416665
112.4	316.35		0.470	57027,8510416667
112.4	316.35		0.470	57029,8392361109
112.4	316.35		0.470	57029,8510416667
112.4	316.35		0.470	57033,8354166667
112.4	316.35		0.470	57033,8493055557
112.4	316.35		0.470	57036,8354166667
112.4	316.35		0.470	57036,8493055557
112.4	316.35		0.470	57037,8392361109
112.4	316.35		0.470	57037,8510416667
112.4	316.35		0.470	57039,8399305558
112.4	316.35		0.470	57039,8510416667
112.4	316.35		0.470	57043,8385416665
112.4	316.35		0.470	57043,8496527779
112.4	316.35		0.470	57048,8354166667
112.4	316.35		0.470	57048,8493055557
112.4	316.35		0.470	57050,8354166667
112.4	316.35		0.470	57050,8493055557
112.4	316.35		0.470	57051,8392361109
112.4	316.35		0.470	57051,8510416667
112.4	316.35		0.470	57053,8392361109
112.4	316.35		0.470	57053,8503472223
112.4	316.35		0.470	57055,8392361109
112.4	316.35		0.470	57055,8503472223
112.4	316.35		0.470	57057,8392361109
112.4	316.35		0.470	57057,8510416667
112.4	316.35		0.470	57059,4253472220
112.4	316.35		0.470	57059,4364583334
112.4	316.35		0.470	57061,4295138889
112.4	316.35		0.470	57061,4406249998
112.4	316.35		0.470	57064,4218750000
112.4	316.35		0.470	57064,4329861109
112.4	316.35		0.470	57065,8399305558
112.4	316.35		0.470	57065,8496527779
112.4	316.35		0.470	57067,8354166667
112.4	316.35		0.470	57067,8465277776
112.4	316.35		0.470	57071,8423611112
112.4	316.35		0.470	57071,8548611109
112.4	316.35		0.470	57073,4246527776
112.4	316.35		0.470	57073,4357638890
112.4	316.35		0.470	57076,4232638888
112.4	316.35		0.470	57076,4343750002
112.4	316.35		0.470	57078,4246527776
112.4	316.35		0.470	57078,4357638890
112.4	316.35		0.470	57081,8354166667
112.4	316.35		0.470	57081,8479166669
112.4	316.35		0.470	57083,8388888887
112.4	316.35		0.470	57083,8493055557
112.4	316.35		0.470	57085,8388888887
112.4	316.35		0.470	57085,8493055557
112.4	316.35		0.470	57087,4239583332
112.4	316.35		0.470	57087,4350694446
112.4	316.35		0.470	57090,4246527776
112.4	316.35		0.470	57090,4357638890
112.4	316.35		0.470	57092,4281250001
112.4	316.35		0.470	57092,4392361110
112.4	316.35		0.470	57095,8385416665
112.4	316.35		0.470	57095,8510416667
112.4	316.35		0.470	57097,8392361109
112.4	316.35		0.470	57097,8510416667
112.4	316.35		0.470	57099,8392361109
112.4	316.35		0.470	57099,8510416667
112.4	316.35		0.470	57100,8086805558
112.4	316.35		0.470	57100,8197916667
112.4	316.35		0.470	57104,4406249998
112.4	316.35		0.470	57104,4524305556
112.4	316.35		0.470	57106,4260416669
112.4	316.35		0.470	57106,4399305554
112.4	316.35		0.470	57107,8392361109
112.4	316.35		0.470	57107,8510416667
112.4	316.35		0.470	57111,8392361109
112.4	316.35		0.470	57111,8510416667
112.4	316.35		0.470	57113,8399305558
112.4	316.35		0.470	57113,8510416667
112.4	316.35		0.470	57115,4774305555
112.4	316.35		0.470	57115,4920138889
112.4	316.35		0.470	57118,4190972224
112.4	316.35		0.470	57118,4309027777
112.4	316.35		0.470	57120,4288194445
112.4	316.35		0.470	57120,4399305554
112.4	316.35		0.470	57121,8354166667
112.4	316.35		0.470	57121,8493055557
112.4	316.35		0.470	57123,8399305558
112.4	316.35		0.470	57123,8510416667
112.4	316.35		0.470	57127,8399305558
112.4	316.35		0.470	57127,8524305555
112.4	316.35		0.470	57128,7975694444
112.4	316.35		0.470	57128,8086805558
112.4	316.35		0.470	57131,4427083335
112.4	316.35		0.470	57131,4538194444
112.4	316.35		0.470	57134,4190972224
112.4	316.35		0.470	57134,4309027777
112.4	316.35		0.470	57135,8388888887
112.4	316.35		0.470	57135,8506944445
112.4	316.35		0.470	57137,8385416665
112.4	316.35		0.470	57137,8503472223
112.4	316.35		0.470	57139,8392361109
112.4	316.35		0.470	57139,8510416667
112.4	316.35		0.470	57139,8392361109
112.4	316.35		0.470	57139,8510416667
112.4	316.35		0.470	57142,7954861112
112.4	316.35		0.470	57142,8065972221
112.4	316.35		0.470	57145,4232638888
112.4	316.35		0.470	57145,4385416666
112.4	316.35		0.470	57145,4385416666
112.4	316.35		0.470	57148,4190972224
112.4	316.35		0.470	57148,4302083333
112.4	316.35		0.470	57149,8385416665
112.4	316.35		0.470	57149,8496527779
112.4	316.35		0.470	57151,8392361109
112.4	316.35		0.470	57151,8510416667
112.4	316.35		0.470	57155,8392361109
112.4	316.35		0.470	57155,8510416667
112.4	316.35		0.470	57156,8003472220
112.4	316.35		0.470	57156,8114583334
112.4	316.35		0.470	57159,4225694444
112.4	316.35		0.470	57159,4434027779
112.4	316.35		0.470	57162,4322916665
112.4	316.35		0.470	57162,4440972223
112.4	316.35		0.470	57163,8392361109
112.4	316.35		0.470	57163,8510416667
112.4	316.35		0.470	57165,8399305558
112.4	316.35		0.470	57165,8510416667
112.4	316.35		0.470	57169,8385416665
112.4	316.35		0.470	57169,8517361111
112.4	316.35		0.470	57170,7954861112
112.4	316.35		0.470	57170,8086805558
112.4	316.35		0.470	57173,4274305557
112.4	316.35		0.470	57173,4427083335
112.4	316.35		0.470	57176,4260416669
112.4	316.35		0.470	57176,4399305554
112.4	316.35		0.470	57177,8392361109
112.4	316.35		0.470	57177,8524305555
112.4	316.35		0.470	57179,4225694444
112.4	316.35		0.470	57179,4364583334
112.4	316.35		0.470	57181,8385416665
112.4	316.35		0.470	57181,8517361111
112.4	316.35		0.470	57184,7954861112
112.4	316.35		0.470	57184,8086805558
112.4	316.35		0.470	57187,4267361113
112.4	316.35		0.470	57187,4413194442
112.4	316.35		0.470	57190,4190972224
112.4	316.35		0.470	57190,4329861109
112.4	316.35		0.470	57191,8395833331
112.4	316.35		0.470	57191,8506944445
112.4	316.35		0.470	57193,8392361109
112.4	316.35		0.470	57193,8531249999
112.4	316.35		0.470	57195,8392361109
112.4	316.35		0.470	57195,8524305555
112.4	316.35		0.470	57197,8392361109
112.4	316.35		0.470	57197,8524305555
112.4	316.35		0.470	57198,7940972224
112.4	316.35		0.470	57198,8072916665
112.4	316.35		0.470	57201,4267361113
112.4	316.35		0.470	57201,4399305554
112.4	316.35		0.470	57204,7940972224
112.4	316.35		0.470	57204,8065972221
112.4	316.35		0.470	57207,8392361109
112.4	316.35		0.470	57207,8524305555
112.4	316.35		0.470	57209,8392361109
112.4	316.35		0.470	57209,8524305555
112.4	316.35		0.470	57211,8385416665
112.4	316.35		0.470	57211,8517361111
112.4	316.35		0.470	57212,7940972224
112.4	316.35		0.470	57212,8072916665
112.4	316.35		0.470	57215,4218750000
112.4	316.35		0.470	57215,4357638890
112.4	316.35		0.470	57218,4204861112
112.4	316.35		0.470	57218,4329861109
112.4	316.35		0.470	57221,8392361109
112.4	316.35		0.470	57221,8531249999
112.4	316.35		0.470	57223,8385416665
112.4	316.35		0.470	57223,8517361111
112.4	316.35		0.470	57225,8392361109
112.4	316.35		0.470	57225,8524305555
112.4	316.35		0.470	57226,7989583332
112.4	316.35		0.470	57226,8121527778
112.4	316.35		0.470	57229,4218750000
112.4	316.35		0.470	57229,4357638890
112.4	316.35		0.470	57232,4232638888
112.4	316.35		0.470	57232,4364583334
112.4	316.35		0.470	57233,8354166667
112.4	316.35		0.470	57233,8493055557
112.4	316.35		0.470	57235,8385416665
112.4	316.35		0.470	57235,8524305555
112.4	316.35		0.470	57237,8392361109
112.4	316.35		0.470	57237,8524305555
112.4	316.35		0.470	57239,8392361109
112.4	316.35		0.470	57239,8531249999
112.4	316.35		0.470	57240,7940972224
112.4	316.35		0.470	57240,8072916665
112.4	316.35		0.470	57243,4274305557
112.4	316.35		0.470	57243,4399305554
112.4	316.35		0.470	57246,4225694444
112.4	316.35		0.470	57246,4385416666
112.4	316.35		0.470	57249,8392361109
112.4	316.35		0.470	57249,8531249999
112.4	316.35		0.470	57251,8385416665
112.4	316.35		0.470	57251,8517361111
112.4	316.35		0.470	57253,8371527777
112.4	316.35		0.470	57253,8510416667
112.4	316.35		0.470	57254,7968750000
112.4	316.35		0.470	57254,8100694446
112.4	316.35		0.470	57257,4218750000
112.4	316.35		0.470	57257,4357638890
112.4	316.35		0.470	57260,4843750000
112.4	316.35		0.470	57260,4975694446
112.4	316.35		0.470	57261,8392361109
112.4	316.35		0.470	57261,8524305555
112.4	316.35		0.470	57263,8392361109
112.4	316.35		0.470	57263,8392361109
112.4	316.35		0.470	57265,8385416665
112.4	316.35		0.470	57265,8524305555
112.4	316.35		0.470	57268,7961805556
112.4	316.35		0.470	57268,8093750002
112.4	316.35		0.470	57271,4211805556
112.4	316.35		0.470	57271,4343750002
112.4	316.35		0.470	57274,4190972224
112.4	316.35		0.470	57274,4329861109
112.4	316.35		0.470	57277,8517361111
112.4	316.35		0.470	57279,8392361109
112.4	316.35		0.470	57279,8531249999
112.4	316.35		0.470	57281,8378472221
112.4	316.35		0.470	57281,8510416667
112.4	316.35		0.470	57284,8371527777
112.4	316.35		0.470	57285,4246527776
112.4	316.35		0.470	57285,4371527778
112.4	316.35		0.470	57288,7940972224
112.4	316.35		0.470	57288,8079861109
112.4	316.35		0.470	57289,8378472221
112.4	316.35		0.470	57289,8510416667
112.4	316.35		0.470	57291,8399305558
112.4	316.35		0.470	57291,8531249999
112.4	316.35		0.470	57295,8392361109
112.4	316.35		0.470	57295,8531249999
112.4	316.35		0.470	57296,7947916668
112.4	316.35		0.470	57296,8079861109
112.4	316.35		0.470	57299,4204861112
112.4	316.35		0.470	57299,4329861109
112.4	316.35		0.470	57302,4239583332
112.4	316.35		0.470	57302,4364583334
112.4	316.35		0.470	57303,8385416665
112.4	316.35		0.470	57303,8524305555
112.4	316.35		0.470	57305,8392361109
112.4	316.35		0.470	57305,8531249999
112.4	316.35		0.470	57309,8392361109
112.4	316.35		0.470	57309,8524305555
112.4	316.35		0.470	57310,7954861112
112.4	316.35		0.470	57310,8086805558
112.4	316.35		0.470	57313,4190972224
112.4	316.35		0.470	57313,4329861109
112.4	316.35		0.470	57316,4190972224
112.4	316.35		0.470	57316,4322916665
112.4	316.35		0.470	57317,8392361109
112.4	316.35		0.470	57317,8531249999
112.4	316.35		0.470	57319,8385416665
112.4	316.35		0.470	57319,8517361111
112.4	316.35		0.470	57321,8392361109
112.4	316.35		0.470	57321,8524305555
112.4	316.35		0.470	57323,8385416665
112.4	316.35		0.470	57323,8517361111
112.4	316.35		0.470	57324,7940972224
112.4	316.35		0.470	57324,8072916665