2000  01 06  20 27 30   
2000  01 13  12 21 30   
2000  01 13  12 51 30   
2000  01 22  10 05 30   
2000  01 27  19 05 30   
2000  01 28  09 24 30   
2000  02 03  21 05 30   
2000  02 04  08 17 30   
2000  02 10  19 06 30   
2000  02 16  20 37 30   
2000  02 23  19 06 30   
2000  03 01  20 10 30   
2000  03 09  20 08 30   
2000  03 16  12 50 30   
2000  03 22  10 06 30   
2000  03 29  19 39 30   
2000  04 06  20 28 30   
2000  04 11  09 49 30   
2000  04 13  14 10 30   
2000  04 13  19 52 30   
2000  04 20  14 06 30   
2000  04 22  19 36 30   
2000  04 27  19 13 30   
2000  05 06  10 06 30   
2000  05 09  19 45 30   
2000  05 20  10 27 30   
2000  05 25  12 36 30   
2000  05 25  19 10 30   
2000  06 03  10 19 30   
2000  06 08  20 34 30   
2000  06 16  20 08 30   
2000  06 23  20 11 30   
2000  07 01  08 24 30   
2000  07 04  20 35 30   
2000  07 08  08 24 30   
2000  07 17  11 15 30   
2000  07 20  12 39 30   
2000  07 27  12 09 30   
2000  08 01  13 20 30
2000  08 03  19 48 30
2000  08 11  20 29 30
2000  08 17  20 20 30
2000  08 24  12 43 30
2000  08 31  13 32 30
2000  08 31  19 15 30
2000  09 08  19 44 30
2000  09 14  19 06 30
2000  09 15  09 11 30
2000  09 22  19 44 30
2000  09 29  20 09 30
2000  10 05  19 10 30
2000  10 10  19 21 30
2000  10 10  20 33 30
2000  10 19  16 06 30
2000  10 26  12 42 30
2000  11 14  11 53 30
2000  11 18  09 54 30
2000  11 23  10 43 30
2000  12 02  09 04 30
2000  12 08  09 06 30
2000  12 14  18 13 30
2000  12 22  19 06 30
2000  12 30  09 33 30
2001  01 04  19 22 30
2001  01 11  13 10 30
2001  01 18  13 06 30
2001  01 27  10 05 30
2001  01 28  10 47 30
2001  02 09  19 18 30
2001  02 10  09 49 30
2001  02 15  09 40 30
2001  02 25  10 39 30
2001  02 26  10 23 30
2001  03 01  13 19 30
2001  03 08  13 54 30
2001  03 08  20 07 30
2001  03 15  13 24 30
2001  03 18  10 20 30
2001  03 22  13 21 30
2001  03 24  19 06 30
2001  03 29  10 46 30
2001  03 29  13 42 30
2001  04 05  13 30 30
2001  04 12  09 06 30
2001  04 20  10 37 30
2001  04 26  10 25 30
2001  05 03  19 05 30
2001  05 10  13 08 30
2001  05 19  09 38 30
2001  05 24  19 33 30
2001  05 31  13 02 30
2001  06 07  19 12 30
2001  06 16  13 48 30
2001  06 21  20 45 30
2001  06 28  20 31 30
2001  07 05  19 26 30
2001  07 05  20 07 30
2001  07 12  11 32 30
2001  07 19  12 23 30
2001  07 26  13 24 30
2001  08 02  20 15 30
2001  08 09  13 21 30
2001  08 16  19 49 30
2001  08 23  13 23 30
2001  08 30  13 48 30
2001  09 06  12 23 30
2001  09 13  13 10 30
2001  09 20  13 37 30
2001  09 21  11 42 30
2001  09 27  13 43 30
2001  10 04  14 09 30
2001  10 11  13 23 30
2001  10 18  13 26 30
2001  10 25  19 25 30
2001  10 31  20 37 30
2001  11 08  09 18 30
2001  11 19  19 15 30
2001  11 22  08 50 30
2001  11 29  12 10 30
2001  12 06  13 40 30
2001  12 13  19 35 30
2001  12 20  12 54 30
2001  12 27  19 41 30
2002  01 03  19 38 30
2002  01 10  21 07 30
2002  01 28  10 38 30
2002  02 01  19 13 30
2002  02 07  13 06 30
2002  02 21  12 42 30
2002  03 01  08 08 30
2002  03 08  09 14 30
2002  03 14  19 34 30
2002  03 21  12 35 30
2002  03 28  13 40 30
2002  04 04  12 47 30
2002  04 11  13 00 30
2002  04 18  13 18 30
2002  04 25  13 53 30
2002  05 02  12 41 30
2002  05 09  13 29 30
2002  05 16  13 16 30
2002  05 23  10 14 30
2002  05 30  13 38 30
2002  06 06  20 34 30
2002  06 13  12 53 30
2002  06 14  09 46 30
2002  06 28  09 35 30
2002  07 04  13 37 30
2002  07 06  13 34 30
2002  07 12  08 48 30
2002  07 18  13 08 30
2002  07 25  11 26 30
2002  07 25  12 16 30
2002  08 01  13 14 30
2002  08 10  09 26 30
2002  08 15  12 47 30
2002  08 21  13 13 30
2002  08 29  13 10 30
2002  09 06  08 59 30
2002  09 12  13 20 30
2002  09 20  09 46 30
2002  09 26  13 04 30
2002  10 04  09 19 30
2002  10 10  19 25 30
2002  10 18  09 06 30
2002  10 24  12 55 30
2002  10 31  12 21 30
2002  11 08  09 05 30
2002  11 16  10 26 30
2002  11 21  19 39 30
2002  11 28  12 30 30
2002  12 05  20 07 30
2002  12 12  12 37 30
2002  12 19  13 14 30
2002  12 26  12 18 30
2003  01 02  13 59 30
2003  01 11  10 52 30
2003  01 12  20 26 30
2003  01 13  10 05 30
2003  01 13  10 52 30
2003  01 13  20 26 30
2003  01 14  10 08 30
2003  01 24  20 20 30
2003  01 25  20 09 30
2003  02 01  12 11 30
2003  02 06  13 19 30
2003  02 13  13 08 30
2003  02 13  19 18 30
2003  02 20  12 51 30
2003  02 27  12 53 30
2003  03 08  10 02 30
2003  03 13  13 33 30
2003  03 20  12 42 30
2003  03 29  09 40 30
2003  05 02  19 39 30
2003  05 02  20 13 30
2003  05 06  18 28 30
2003  05 14  15 36 30
2003  05 22  19 31 30
2003  05 28  11 30 30
2003  05 28  14 40 30
2003  06 05  20 22 30
2003  06 27  19 06 30
2003  07 03  13 33 30
2003  07 10  12 36 30
2003  07 17  13 05 30
2003  07 24  13 06 30
2003  08 01  13 07 30
2003  08 08  09 40 30
2003  08 16  09 41 30
2003  08 22  09 23 30
2003  08 28  13 18 30
2003  09 05  09 36 30
2003  09 12  09 13 30
2003  09 18  09 13 30
2003  09 21  10 09 30
2003  09 21  10 51 23
2003  09 26  18 27 30
2003  10 03  09 14 30
2003  10 10  20 40 30
2003  10 17  19 10 30
2003  10 24  19 25 30
2003  11 06  12 51 30
2003  11 10  13 09 30
2003  11 15  10 40 30
2003  11 18  11 12 30
2003  11 19  10 08 30
2003  11 27  11 50 30
2003  12 01  10 08 30
2003  12 01  19 08 30
2003  12 02  10 06 30
2003  12 02  19 13 30
2003  12 04  12 05 30
2003  12 12  19 35 30
2003  12 19  12 16 30
2003  12 26  13 12 30
2004  01 02  12 49 30
2004  01 09  13 05 30
2004  01 14  11 07 30
2004  01 14  19 23 30
2004  01 16  12 15 30
2004  01 26  10 15 30
2004  01 26  11 09 30
2004  01 28  11 06 30
2004  01 28  11 39 30
2004  01 28  20 28 30
2004  02 06  13 22 30
2004  02 09  10 22 30
2004  02 13  13 36 30
2004  02 20  13 21 30
2004  02 23  20 09 30
2004  02 27  13 05 30
2004  03 06  11 21 30
2004  03 10  10 15 30
2004  03 12  13 50 30
2004  03 19  21 07 30
2004  03 20  10 08 30
2004  03 26  12 56 30
2004  04 03  11 06 30
2004  04 10  14 43 30
2004  04 17  11 06 30
2004  04 17  11 33 30
2004  04 23  10 21 30
2004  04 30  13 19 30
2004  05 04  11 06 30
2004  05 07  10 08 30
2004  05 28  14 44 30
2004  06 04  14 51 30
2004  06 17  19 42 30
2004  06 18  09 20 30
2004  06 25  13 23 30
2004  06 30  10 15 30
2004  07 02  14 04 30
2004  07 09  12 57 30
2004  07 16  13 57 30
2004  07 23  13 14 30
2004  07 30  14 23 30
2004  08 06  14 29 30
2004  08 10  10 08 30
2004  08 13  11 08 30
2004  08 21  11 08 30
2004  08 24  11 10 30
2004  08 27  11 05 30
2004  09 04  11 08 30
2004  09 10  10 21 30
2004  09 17  20 18 30
2004  09 21  10 26 30
2004  10 01  13 19 30
2004  10 05  11 38 30
2004  10 08  11 29 30
2004  10 16  11 12 30
2004  10 19  11 18 30
2004  10 22  10 17 30
2004  10 30  11 06 30
2004  11 02  10 29 30
2004  11 05  10 28 30
2004  11 05  14 13 30
2004  11 16  10 17 30
2004  11 19  10 28 30
2004  11 27  11 07 30
2004  11 30  11 18 30
2004  12 03  09 36 30
2004  12 03  11 51 30
2004  12 11  10 11 30
2004  12 15  10 33 30
2004  12 17  10 30 30
2005  01 08  10 07 30
2005  01 11  10 29 30
2005  01 14  10 31 30
2005  01 22  10 11 30
2005  01 25  11 06 30
2005  01 28  09 49 30
2005  02 03  21 25 30
2005  02 11  13 11 30
2005  02 18  10 08 30
2005  03 06  10 07 30
2005  03 08  10 09 30
2005  03 11  10 07 30
2005  03 19  10 14 30
2005  03 22  10 08 30
2005  03 24  10 06 30
2005  04 01  10 21 30
2005  04 05  10 23 30
2005  04 08  10 09 30
2005  04 15  10 33 30
2005  04 18  11 05 30
2005  04 22  10 05 30
2005  04 29  13 23 30
2005  05 06  13 05 30
2005  05 14  10 06 30
2005  05 17  10 22 30
2005  05 20  10 05 30
2005  05 27  10 23 30
2005  05 31  10 20 30
2005  06 03  10 05 30
2005  06 11  10 40 30
2005  06 14  10 29 30
2005  06 14  21 41 30
2005  06 17  10 05 30
2005  06 25  10 08 30
2005  06 28  10 08 30
2005  06 30  10 16 30
2005  06 30  12 06 30
2005  07 09  10 07 30
2005  07 12  11 14 30
2005  07 15  09 06 30
2005  07 23  10 06 30
2005  07 26  10 32 30
2005  07 29  09 42 30
2005  08 06  10 10 30
2005  08 09  10 05 30
2005  08 11  19 29 30
2005  08 20  19 29 30
2005  08 23  19 29 30
2005  08 26  09 27 30
2005  09 03  10 34 30
2005  09 04  10 33 30
2005  09 06  10 05 30
2005  09 09  09 23 30
2005  09 17  10 06 30
2005  09 20  10 14 30
2005  09 23  09 38 30
2005  10 01  10 10 30
2005  10 04  10 06 30
2005  10 07  09 07 30
2005  10 15  09 48 30
2005  10 18  09 05 30
2005  10 20  20 04 30
2005  10 20  21 50 30
2005  10 28  12 36 30
2005  11 12  10 18 30
2005  11 15  10 22 30
2005  11 18  09 31 30
2005  11 26  10 05 30
2005  11 29  20 53 30
2005  12 01  10 08 30
2005  12 02  02 13 30
2005  12 10  11 30 30
2005  12 13  10 15 30
2005  12 16  09 46 30
2005  12 24  10 18 30
2005  12 27  10 28 30
2005  12 30  10 05 30
2006  01 07  09 17 30
2006  01 14  10 24 30
2006  01 17  10 23 30
2006  01 19  21 17 30
2006  01 28  11 06 30
2006  01 31  11 06 30
2006  02 02  11 06 30
2006  02 11  10 33 30
2006  02 14  11 27 30
2006  02 16  10 17 30
2006  02 16  20 24 30
2006  02 17  08 25 30
2006  02 25  11 09 30
2006  02 28  10 10 30
2006  03 02  20 05 30
2006  03 09  12 24 30
2006  03 11  11 15 30
2006  03 14  11 06 30
2006  03 16  09 28 30
2006  03 23  20 25 30
2006  03 27  10 35 30
2006  03 30  09 30 30
2006  03 30  23 39 30
2006  03 31  09 54 30
2006  04 08  11 05 30
2006  04 11  10 38 30
2006  04 13  09 15 30
2006  04 21  09 40 30
2006  04 27  21 58 30
2006  04 27  22 27 30
2006  04 28  09 09 30
2006  05 07  19 16 30
2006  05 09  10 13 30
2006  05 12  09 34 30
2006  05 20  11 22 30
2006  05 23  09 16 30
2006  05 25  19 40 30
2006  06 03  10 15 30
2006  06 04  11 09 30
2006  06 09  09 27 30
2006  06 17  11 05 30
2006  06 20  10 37 30
2006  06 30  15 49 30
2006  07 07  20 05 30
2006  07 14  22 06 30
2006  07 21  14 38 30
2006  07 28  15 08 30
2006  08 05  12 04 30
2006  08 08  21 28 30
2006  08 11  09 46 30
2006  08 19  11 49 30
2006  08 22  22 06 30
2006  08 25  09 31 30
2006  09 03  12 09 30
2006  09 05  09 46 30
2006  09 07  19 17 30
2006  09 16  10 05 30
2006  09 19  19 21 30
2006  10 14  10 27 30
2006  10 17  10 24 30
2006  10 20  09 16 30
2006  10 28  10 35 30
2006  10 31  10 09 30
2006  11 03  10 16 30
2006  11 11  10 10 30
2006  11 14  10 12 30
2006  11 16  19 31 30
2006  11 25  10 07 30
2006  11 28  10 05 30
2006  11 30  19 50 30
2006  12 08  19 29 30
2006  12 11  10 16 30
2006  12 14  19 06 30
2006  12 23  19 04 30
2006  12 24  10 27 30
2006  12 26  19 05 30
2006  12 28  19 05 30
2007  01 06  11 05 30
2007  01 09  10 31 30
2007  01 11  19 26 30
2007  01 20  19 10 30
2007  01 23  19 16 30
2007  01 25  19 18 30
2007  02 23  12 06 30
2007  03 03  11 34 30
2007  03 24  12 11 30
2007  03 31  11 11 30
2007  04 06  10 49 30
2007  04 10  10 28 30
2007  04 12  10 43 30
2007  04 21  10 04 30
2007  04 24  10 32 30
2007  05 05  10 04 30
2007  05 08  10 04 30
2007  05 10  21 22 30
2007  05 24  10 05 30
2007  06 05  10 12 30
2007  06 07  09 26 30
2007  06 18  11 04 30
2007  06 21  11 04 30
2007  07 12  11 54 30
2007  07 13  11 57 30
2007  07 13  12 10 30
2007  07 15  11 14 30
2007  07 17  10 24 30
2007  07 21  11 30 30
2007  07 28  10 34 30
2007  07 31  10 49 30
2007  08 02  10 09 30
2007  08 12  10 05 30
2007  08 14  10 31 30
2007  08 16  10 03 30
2007  08 25  10 48 30
2007  08 28  10 06 30
2007  08 30  09 13 30
2007  09 08  10 13 30
2007  09 11  10 10 30
2007  09 13  09 21 30
2007  09 22  10 09 30
2007  09 24  11 02 30
2007  09 27  09 17 30
2007  10 06  07 21 30
2007  10 08  11 03 30
2007  10 11  09 27 30
2007  10 20  10 40 30
2007  10 22  10 05 30
2007  10 25  09 20 30
2007  11 03  10 32 30
2007  11 05  10 26 30
2007  11 08  09 10 30
2007  11 17  10 46 30
2007  11 19  11 03 30
2007  11 22  09 27 30
2007  12 01  12 32 30
2007  12 03  10 21 30
2008  03 06  20 12 30
2008  03 21  11 22 30
2008  03 24  10 13 30
2008  03 26  10 24 30
2008  04 05  19 12 30
2008  04 08  10 09 30
2008  04 10  19 09 30
2008  04 19  10 16 30
2008  04 22  10 14 30
2008  04 24  10 06 30
2008  05 02  12 42 30
2008  05 05  09 30 30
2008  05 07  19 06 30
2008  05 17  10 08 30
2008  05 20  10 04 30
2008  05 21  21 43 30
2008  05 30  20 31 30
2008  06 02  20 24 30
2008  06 05  10 07 30
2008  06 14  10 19 30
2008  06 17  21 57 00
2008  06 19  11 24 00
2008  06 29  11 09 00
2008  07 01  10 22 00
2008  07 04  09 19 00
2008  07 17  19 13 00
2008  07 19  09 42 00
2008  07 26  10 19 00
2008  07 28  10 15 00
2008  07 31  09 15 00
2008  08 09  10 30 00
2008  08 11  10 42 00
2008  08 14  10 04 00
2008  08 23  10 14 00
2008  08 25  22 22 00
2008  08 28  09 46 00
2008  09 06  10 19 00
2008  09 08  10 23 00
2008  09 11  19 06 00
2008  09 20  10 07 00
2008  09 22  10 36 00
2008  09 25  09 45 30
2008  10 03  19 31 30
2008  10 06  10 29 30
2008  10 09  10 14 30
2008  10 18  19 04 30
2008  10 20  10 20 30
2008  10 23  09 23 30
2008  11 01  10 32 30
2008  11 03  10 03 30
2008  11 06  09 35 30
2008  11 15  10 24 30
2008  11 17  10 04 30
2008  11 20  19 15 30
2008  11 29  10 39 30
2008  12 02  10 03 30
2008  12 13  10 46 30
2008  12 15  10 14 30
2008  12 18  09 13 30
2008  12 27  10 14 30
2009  01 11  10 07 30
2009  01 13  10 04 30
2009  01 15  10 04 30
2009  01 23  19 40 30
2009  01 26  10 23 30
2009  01 29  09 30 30
2009  02 07  10 39 30
2009  02 09  10 20 30
2009  02 12  10 24 30
2009  02 21  11 04 30
2009  02 23  10 31 30
2009  02 26  09 30 30
2009  03 06  19 21 30
2009  03 09  10 36 30
2009  03 12  09 25 30
2009  03 21  11 07 30
2009  03 23  12 07 30
2009  03 26  09 22 30
2009  04 05  10 37 30
2009  04 07  09 31 30
2009  04 08  19 12 30
2009  04 08  19 32 30
2009  04 17  19 04 30
2009  04 17  19 27 30
2009  04 20  10 23 30
2009  04 22  19 34 30
2009  05 01  10 17 30
2009  05 04  10 26 30
2009  05 06  19 04 30
2009  05 16  11 20 30
2009  05 18  10 03 30
2009  05 18  10 22 30
2009  05 21  09 04 30
2009  05 21  09 21 30
2009  05 30  10 34 30
2009  05 30  11 53 30
2009  06 01  10 04 30
2009  06 01  10 23 30
2009  06 04  19 04 30
2009  06 04  19 22 30
2009  06 13  10 57 30
2009  06 15  11 04 30
2009  06 15  11 22 30
2009  06 18  19 36 30
2009  06 18  19 53 30
2009  06 19  10 27 30
2009  06 22  09 24 30
2009  06 22  09 53 30
2009  06 27  10 17 30
2009  06 27  10 37 30
2009  06 29  10 08 30
2009  07 01  10 12 30
2009  07 09  19 42 30
2009  07 09  20 09 30
2009  07 23  20 26 30
2009  07 23  21 02 30
2009  08 06  20 05 30
2009  08 10  11 11 30
2009  08 10  11 34 30
2009  08 12  19 07 30
2009  08 12  19 27 30
2009  08 20  20 00 30
2009  08 20  20 26 30
2009  08 23  10 19 30
2009  08 23  10 43 30
2009  08 26  20 07 30
2009  08 26  20 30 30
2009  09 04  10 22 30
2009  09 04  10 44 30
2009  09 06  11 03 30
2009  09 06  11 24 30
2009  09 09  19 05 30
2009  09 09  19 25 30
2009  09 17  20 03 30
2009  09 17  20 25 30
2009  09 20  10 36 30
2009  09 20  10 57 30
2009  10 01  19 27 30
2009  10 01  19 48 30
2009  10 04  10 15 30
2009  10 04  10 40 30
2009  10 07  19 04 30
2009  10 07  19 25 30
2009  10 15  19 34 30
2009  10 15  20 03 30
2009  10 15  20 03 30
2009  10 18  10 50 30
2009  10 18  11 12 30
2009  10 21  19 24 30
2009  10 21  19 42 30
2009  10 30  10 07 30
2009  10 30  10 28 30
2009  11 02  10 15 30
2009  11 02  10 35 30
2009  11 04  19 11 30
2009  11 04  19 32 30
2009  11 13  10 29 30
2009  11 13  10 47 30
2009  11 16  10 09 30
2009  11 16  10 31 30
2009  11 18  19 11 30
2009  11 18  19 32 30
2009  11 27  19 03 30
2009  11 27  19 22 30
2009  11 30  10 06 30
2009  12 02  09 40 30
2009  12 02  10 02 30
2009  12 11  10 09 30
2009  12 11  10 29 30
2009  12 14  10 05 30
2009  12 14  10 25 30
2009  12 16  19 04 30
2009  12 16  19 24 30
2009  12 24  10 07 30
2009  12 24  10 27 30
2009  12 26  10 10 30
2009  12 26  10 32 30
2009  12 30  20 32 30
2010  01 08  11 44 30
2010  01 08  12 06 30
2010  01 11  10 34 30
2010  01 11  10 57 30
2010  01 13  10 14 30
2010  01 13  10 34 30
2010  01 22  10 12 30
2010  01 22  10 35 30
2010  01 25  19 26 30
2010  01 25  19 47 30
2010  01 27  10 52 30
2010  02 06  10 12 30
2010  02 06  10 32 30
2010  02 08  10 45 30
2010  02 08  11 05 30
2010  02 10  10 22 30
2010  02 10  10 41 30
2010  02 25  19 36 30
2010  02 25  20 01 30
2010  03 04  19 29 30
2010  03 04  19 49 30
2010  03 07  10 30 30
2010  03 07  10 49 30
2010  03 10  10 26 30
2010  03 10  10 44 30
2010  03 18  19 37 30
2010  03 18  19 58 30
2010  03 21  10 21 30
2010  03 21  10 40 30
2010  03 24  10 48 30
2010  03 24  11 07 30
2010  04 02  11 13 30
2010  04 02  11 33 30
2010  04 05  19 10 30
2010  04 05  19 29 30
2010  04 07  10 20 30
2010  04 07  10 40 30
2010  04 15  19 11 30
2010  04 15  19 32 30
2010  04 17  11 21 30
2010  04 17  11 44 30
2010  04 21  10 23 30
2010  04 21  10 42 30
2010  04 29  19 35 30
2010  04 29  19 55 30
2010  05 02  10 11 30
2010  05 02  10 32 30
2010  05 05  10 13 30
2010  05 05  10 32 30
2010  05 14  10 04 30
2010  05 14  10 27 30
2010  05 17  10 15 30
2010  05 17  10 37 30
2010  05 19  10 04 30
2010  05 19  10 23 30
2010  05 27  10 23 30
2010  05 27  20 09 30
2010  05 29  10 12 30
2010  05 29  10 32 30
2010  06 01  10 05 30
2010  06 01  10 25 30
2010  06 09  19 26 30
2010  06 09  19 53 30
2010  06 13  10 28 30
2010  06 13  10 47 30
2010  06 16  10 11 30
2010  06 16  10 30 30
2010  06 25  11 49 30
2010  06 25  12 11 30
2010  06 28  10 17 30
2010  06 28  10 36 30
2010  06 30  10 05 30
2010  06 30  10 05 30
2010  07 15  19 50 30
2010  07 15  20 15 30
2010  07 27  19 22 30
2010  07 27  19 44 30
2010  08 12  19 30 30
2010  08 12  19 52 30
2010  08 15  10 17 30
2010  08 15  10 36 30
2010  08 18  10 22 30
2010  08 18  10 57 30
2010  08 26  19 06 30
2010  08 26  19 27 30
2010  08 29  10 20 30
2010  08 29  10 42 30
2010  09 01  10 04 30
2010  09 01  10 23 30
2010  09 10  09 20 30
2010  09 10  09 39 30
2010  09 23  18 47 30
2010  09 23  19 12 30
2010  09 26  10 13 30
2010  09 26  10 32 30
2010  09 29  10 07 30
2010  09 29  10 27 30
2010  10 07  19 14 30
2010  10 07  19 33 30
2010  10 10  10 21 30
2010  10 10  10 42 30
2010  10 13  10 07 30
2010  10 13  10 28 30
2010  10 21  19 41 30
2010  10 21  20 03 30
2010  10 24  10 04 30
2010  10 24  10 23 30
2010  10 27  09 54 30
2010  10 27  10 14 30
2010  11 04  19 03 30
2010  11 04  19 22 30
2010  11 07  09 48 30
2010  11 07  10 06 30
2010  11 10  10 17 30
2010  11 10  10 38 30
2010  11 18  19 08 30
2010  11 18  19 31 30
2010  11 21  10 15 30
2010  11 21  10 35 30
2010  11 24  09 52 30
2010  11 24  10 10 30
2010  12 02  19 26 30
2010  12 02  19 45 30
2010  12 05  10 37 30
2010  12 05  10 57 30
2010  12 17  19 03 30
2010  12 17  19 22 30
2010  12 19  10 05 30
2010  12 19  10 26 30
2010  12 22  10 18 30
2010  12 22  10 37 30
2010  12 31  10 31 30
2010  12 31  10 53 30
2011  01 03  10 23 30
2011  01 03  10 42 30
2011  01 05  19 10 30
2011  01 05  19 26 30
2011  01 20  21 14 30
2011  01 20  21 33 30
2011  01 29  19 27 30
2011  01 29  19 47 30
2011  01 31  10 47 30
2011  01 31  11 07 30
2011  02 02  10 22 30
2011  02 02  10 42 30
2011  02 10  19 52 30
2011  02 10  20 21 30
2011  02 19  19 57 30
2011  02 19  20 20 30
2011  03 03  19 23 30
2011  03 03  19 43 30
2011  03 11  10 18 30
2011  03 11  10 37 30
2011  03 13  10 18 30
2011  03 13  10 37 30
2011  03 16  10 14 30
2011  03 16  10 35 30
2011  03 24  19 34 30
2011  03 24  20 02 30
2011  03 27  10 17 30
2011  03 27  10 37 30
2011  03 30  10 17 30
2011  03 30  10 36 30
2011  04 07  19 23 30
2011  04 07  19 42 30
2011  04 10  10 34 30
2011  04 10  10 49 30
2011  04 13  10 07 30
2011  04 13  10 26 30
2011  04 20  10 03 30
2011  04 20  19 22 30
2011  04 23  10 11 30
2011  04 23  10 30 30
2011  04 26  10 10 30
2011  04 26  10 29 30
2011  05 05  19 07 30
2011  05 05  19 22 30
2011  05 08  10 06 30
2011  05 08  10 25 30
2011  05 11  10 11 30
2011  05 11  10 30 30
2011  05 19  19 12 30
2011  05 19  19 31 30
2011  05 22  09 31 30
2011  05 22  09 46 30
2011  05 25  10 09 30
2011  05 25  10 28 30
2011  06 02  19 10 30
2011  06 02  19 29 30
2011  06 05  10 22 30
2011  06 05  10 41 30
2011  06 08  10 17 30
2011  06 08  10 39 30
2011  06 16  19 14 30
2011  06 16  19 33 30
2011  06 19  10 36 30
2011  06 19  10 55 30
2011  06 22  10 04 30
2011  06 22  10 23 30
2011  06 30  19 07 30
2011  06 30  19 26 30
2011  07 03  10 05 30
2011  07 03  10 24 30
2011  07 06  10 11 30
2011  07 06  10 30 30
2011  07 14  19 14 30
2011  07 14  19 33 30
2011  07 17  09 42 30
2011  07 17  10 03 30
2011  07 20  10 22 30
2011  07 28  19 10 30
2011  07 28  19 29 30
2011  07 31  10 19 30
2011  07 31  10 38 30
2011  08 03  09 30 30
2011  08 03  09 51 30
2011  08 12  19 11 30
2011  08 12  19 39 30
2011  08 15  10 07 30
2011  08 15  10 26 30
2011  08 17  10 03 30
2011  08 17  10 22 30
2011  08 25  19 15 30
2011  08 25  19 34 30
2011  08 28  10 12 30
2011  08 28  10 31 30
2011  08 31  10 02 30
2011  08 31  10 32 30
2011  09 08  20 07 30
2011  09 08  20 26 30
2011  09 11  11 03 30
2011  09 11  11 22 30
2011  09 14  10 04 30
2011  09 14  10 23 30
2011  09 22  19 05 30
2011  09 22  19 25 30
2011  09 25  10 12 30
2011  09 25  10 32 30
2011  09 28  09 44 30
2011  09 28  10 03 30
2011  10 07  10 03 30
2011  10 07  10 22 30
2011  10 09  10 03 30
2011  10 09  10 22 30
2011  10 12  10 16 30
2011  10 12  10 35 30
2011  10 21  10 06 30
2011  10 21  10 25 30
2011  10 23  09 27 30
2011  10 23  09 46 30
2011  10 26  09 12 30
2011  10 26  09 31 30
2011  11 04  10 17 30
2011  11 04  10 37 30
2011  11 06  09 28 30
2011  11 06  09 47 30
2011  11 09  09 28 30
2011  11 09  09 48 30
2011  11 17  19 10 30
2011  11 17  19 29 30
2011  11 24  19 04 30
2011  11 24  19 24 30
2011  12 01  20 16 30
2011  12 01  20 38 30
2011  12 16  18 17 30
2011  12 16  19 38 30
2011  12 18  10 07 30
2011  12 18  10 27 30
2011  12 21  10 04 30
2011  12 21  10 23 30
2011  12 29  19 20 30
2011  12 29  19 39 30
2012  01 01  10 15 30
2012  01 01  10 34 30
2012  01 04  10 06 30
2012  01 04  10 25 30
2012  01 12  19 03 30
2012  01 12  19 26 30
2012  01 26  19 38 30
2012  01 26  20 03 30
2012  02 02  19 03 30
2012  02 02  19 26 30
2012  02 09  19 21 30
2012  02 09  19 40 30
2012  02 12  10 31 30
2012  02 12  10 50 30
2012  02 15  10 08 30
2012  02 15  10 27 30
2012  02 23  19 06 30
2012  02 23  19 25 30
2012  02 26  10 03 30
2012  02 26  10 22 30
2012  02 29  10 04 30
2012  02 29  10 23 30
2012  03 08  19 20 30
2012  03 08  19 39 30
2012  03 11  10 03 30
2012  03 11  10 22 30
2012  03 14  10 07 30
2012  03 14  10 26 30
2012  03 22  19 08 30
2012  03 22  19 29 30
2012  03 25  10 22 30
2012  03 25  10 41 30
2012  03 28  10 12 30
2012  03 28  10 31 30
2012  04 05  20 02 30
2012  04 05  20 21 30
2012  04 08  10 12 30
2012  04 08  10 31 30
2012  04 11  10 16 30
2012  04 11  10 35 30
2012  04 19  19 11 30
2012  04 19  19 30 30
2012  04 23  10 14 30
2012  04 23  10 33 30
2012  04 25  19 07 30
2012  04 25  19 26 30
2012  05 03  19 03 30
2012  05 03  19 22 30
2012  05 07  19 03 30
2012  05 07  19 22 30
2012  05 09  19 03 30
2012  05 09  19 22 30
2012  05 17  19 23 30
2012  05 17  19 47 30
2012  05 20  19 06 30
2012  05 20  19 25 30
2012  05 23  19 09 30
2012  05 23  19 28 30
2012  05 31  19 17 30
2012  05 31  19 36 30
2012  06 03  10 12 30
2012  06 03  10 31 30
2012  06 06  10 07 30
2012  06 06  10 26 30
2012  06 14  19 22 30
2012  06 14  19 41 30
2012  06 17  19 04 30
2012  06 17  19 23 30
2012  06 20  19 03 30
2012  06 20  19 22 30
2012  06 28  19 08 30
2012  06 28  19 34 30
2012  07 01  10 29 30
2012  07 01  10 48 30
2012  07 04  10 48 30
2012  07 04  11 07 30
2012  07 13  19 13 30
2012  07 13  19 32 30
2012  07 15  10 12 30
2012  07 15  10 31 30
2012  07 18  10 05 30
2012  07 18  10 24 30
2012  07 26  19 02 30
2012  07 26  19 21 30
2012  07 29  10 09 30
2012  07 29  10 28 30
2012  08 01  10 14 30
2012  08 01  10 33 30
2012  08 07  20 59 30
2012  08 07  21 25 30
2012  08 09  19 11 30
2012  08 09  19 30 30
2012  08 12  10 04 30
2012  08 12  10 23 30
2012  08 15  10 06 30
2012  08 15  10 25 30
2012  08 23  19 16 30
2012  08 23  19 31 30
2012  08 26  10 21 30
2012  08 26  10 40 30
2012  08 29  10 03 30
2012  08 29  10 22 30
2012  09 07  19 21 30
2012  09 07  19 40 30
2012  09 09  10 11 30
2012  09 09  10 30 30
2012  09 12  10 16 30
2012  09 12  10 35 30
2012  09 14  19 49 30
2012  09 14  20 18 30
2012  09 16  19 19 30
2012  09 16  19 43 30
2012  09 17  19 33 30
2012  09 17  19 59 30
2012  09 18  19 23 30
2012  09 18  19 48 30
2012  09 20  19 11 30
2012  09 20  19 30 30
2012  09 20  10 05 30
2012  09 28  20 06 30
2012  09 28  20 27 30
2012  09 30  20 26 30
2012  09 30  20 58 30
2012  10 02  20 22 30
2012  10 02  20 45 30
2012  10 04  19 07 30
2012  10 04  19 26 30
2012  10 07  19 24 30
2012  10 07  19 43 30
2012  10 11  20 38 30
2012  10 11  21 00 30
2012  10 12  20 08 30
2012  10 12  20 34 30
2012  10 14  19 47 30
2012  10 14  20 07 30
2012  10 15  20 08 30
2012  10 15  20 29 30
2012  10 16  19 48 30
2012  10 16  20 09 30
2012  10 18  19 07 30
2012  10 18  19 26 30
2012  10 21  10 04 30
2012  10 21  10 23 30
2012  10 24  10 09 30
2012  10 24  10 28 30
2012  10 26  19 28 30
2012  10 26  19 47 30
2012  10 28  19 27 30
2012  10 28  19 48 30
2012  10 29  19 26 30
2012  10 29  19 51 30
2012  10 30  19 50 30
2012  10 30  20 08 30
2012  11 01  19 18 30
2012  11 01  19 37 30
2012  11 04  10 03 30
2012  11 04  10 22 30
2012  11 07  09 11 30
2012  11 07  09 30 30
2012  11 09  20 45 30
2012  11 09  21 06 30
2012  11 11  20 37 30
2012  11 11  20 58 30
2012  11 12  19 48 30
2012  11 12  20 08 30
2012  11 13  19 16 30
2012  11 13  19 36 30
2012  11 15  19 03 30
2012  11 15  19 22 30
2012  11 18  09 37 30
2012  11 18  09 56 30
2012  11 21  09 21 30
2012  11 21  09 40 30
2012  11 23  20 07 30
2012  11 23  20 26 30
2012  11 25  20 17 30
2012  11 25  20 35 30
2012  11 26  19 59 30
2012  11 26  20 17 30
2012  11 27  19 58 30
2012  11 27  20 18 30
2012  11 29  19 05 30
2012  11 29  19 24 30
2012  12 02  09 35 30
2012  12 02  09 54 30
2012  12 05  09 35 30
2012  12 05  09 54 30
2012  12 09  20 05 30
2012  12 09  20 23 30
2012  12 10  20 05 30
2012  12 10  20 25 30
2012  12 11  20 05 30
2012  12 11  20 24 30
2012  12 13  19 12 30
2012  12 13  19 31 30
2012  12 16  10 41 30
2012  12 16  11 02 30
2012  12 19  09 11 30
2012  12 19  09 30 30
2012  12 21  20 07 30
2012  12 21  20 26 30
2012  12 23  20 05 30
2012  12 23  20 26 30
2012  12 27  19 04 30
2012  12 27  19 23 30
2012  12 30  10 03 30
2012  12 30  10 22 30
2013  01 02  10 07 30
2013  01 02  10 26 30
2013  01 04  20 09 30
2013  01 04  20 28 30
2013  01 06  20 23 30
2013  01 06  20 36 30
2013  01 07  20 09 30
2013  01 07  20 28 30
2013  01 08  19 51 30
2013  01 08  20 09 30
2013  01 18  20 06 30
2013  01 18  20 26 30
2013  01 20  20 23 30
2013  01 20  20 43 30
2013  01 21  19 49 30
2013  01 21  20 10 30
2013  01 22  20 26 30
2013  01 22  20 46 30
2013  02 01  20 00 30
2013  02 03  19 56 30
2013  02 03  20 16 30
2013  02 04  19 07 30
2013  02 04  19 27 30
2013  02 05  19 57 30
2013  02 05  20 18 30
2013  02 07  19 12 30
2013  02 07  19 32 30
2013  02 10  10 11 30
2013  02 13  11 03 30
2013  02 13  11 22 30
2013  02 15  19 38 30
2013  02 15  19 57 30
2013  02 17  19 58 30
2013  02 17  20 15 30
2013  02 19  20 11 30
2013  02 19  20 31 30
2013  02 22  10 03 30
2013  02 22  10 24 30
2013  02 24  10 03 30
2013  02 24  10 22 30
2013  02 27  10 09 30
2013  02 27  10 28 30
2013  03 01  19 53 30
2013  03 01  20 18 30
2013  03 03  10 55 30
2013  03 03  11 16 30
2013  03 04  20 19 30
2013  03 04  20 39 30
2013  03 05  19 51 30
2013  03 05  20 11 30
2013  03 10  10 34 30
2013  03 10  10 53 30
2013  03 13  10 03 30
2013  03 13  10 22 30
2013  03 15  20 19 30
2013  03 15  20 40 30
2013  03 18  19 43 30
2013  03 18  20 06 30
2013  03 19  20 11 30
2013  03 19  20 31 30
2013  03 21  19 30 30
2013  03 24  10 09 30
2013  03 24  10 28 30
2013  03 27  10 22 30
2013  03 29  19 48 30
2013  03 29  20 06 30
2013  03 31  19 53 30
2013  03 31  20 16 30
2013  04 01  20 07 30
2013  04 01  20 24 30
2013  04 02  10 26 30
2013  04 02  10 05 30
2013  04 04  19 06 30
2013  04 04  19 26 30
2013  04 07  10 04 30
2013  04 07  10 24 30
2013  04 10  10 19 30
2013  04 10  10 38 30
2013  04 12  20 05 30
2013  04 12  20 25 30
2013  04 14  20 06 30
2013  04 14  20 25 30
2013  04 15  20 08 30
2013  04 15  20 27 30
2013  04 16  20 08 30
2013  04 16  20 28 30
2013  04 19  10 10 30
2013  04 19  10 29 30
2013  04 21  10 10 30
2013  04 21  10 29 30
2013  04 24  10 13 30
2013  04 24  10 32 30
2013  04 26  20 07 30
2013  04 26  20 26 30
2013  04 28  20 08 30
2013  04 28  20 29 30
2013  04 30  20 08 30
2013  04 30  20 28 30
2013  05 02  19 37 30
2013  05 02  19 56 30
2013  05 05  10 04 30
2013  05 05  10 23 30
2013  05 08  10 03 30
2013  05 08  10 22 30
2013  05 10  20 09 30
2013  05 10  20 30 30
2013  05 12  20 07 30
2013  05 12  20 28 30
2013  05 13  20 07 30
2013  05 13  20 28 30
2013  05 14  20 05 30
2013  05 14  20 25 30
2013  05 16  19 20 30
2013  05 16  19 39 30
2013  05 19  10 06 30
2013  05 19  10 33 30
2013  05 22  10 18 30
2013  05 22  10 37 30
2013  05 24  20 07 30
2013  05 26  20 11 30
2013  05 26  20 32 30
2013  05 27  20 28 30
2013  05 28  20 11 30
2013  05 28  20 32 30
2013  05 30  19 18 30
2013  05 30  19 39 30
2013  06 02  10 46 30
2013  06 05  10 03 30
2013  06 05  10 22 30
2013  06 14  10 05 30
2013  06 14  10 24 30
2013  06 16  10 30 30
2013  06 16  10 48 30
2013  06 19  10 08 30
2013  06 19  10 27 30
2013  06 28  10 19 30
2013  06 28  10 38 30
2013  06 30  10 34 30
2013  06 30  10 54 30
2013  07 03  11 06 30
2013  07 03  11 25 30
2013  07 07  07 05 30
2013  07 07  07 28 30
2013  07 08  06 53 30
2013  07 08  07 16 30
2013  07 09  06 51 30
2013  07 09  07 13 30
2013  07 11  19 13 30
2013  07 11  19 32 30
2013  07 14  11 27 30
2013  07 17  11 14 30
2013  07 17  11 33 30
2013  07 19  10 05 30
2013  07 19  10 26 30
2013  07 21  10 09 30
2013  07 21  10 30 30
2013  07 22  10 07 30
2013  07 22  10 28 30
2013  07 23  10 07 30
2013  07 23  10 28 30
2013  07 25  19 06 30
2013  07 25  19 25 30
2013  07 28  10 06 30
2013  07 28  10 25 30
2013  07 31  10 03 30
2013  07 31  10 22 30
2013  08 02  10 18 30
2013  08 02  10 38 30
2013  08 04  10 18 30
2013  08 04  10 38 30
2013  08 05  10 13 30
2013  08 05  10 33 30
2013  08 06  10 17 30
2013  08 06  10 36 30
2013  08 09  10 20 30
2013  08 09  10 39 30
2013  08 11  10 03 30
2013  08 11  10 22 30
2013  08 14  10 26 30
2013  08 14  10 45 30
2013  08 16  09 23 30
2013  08 16  09 41 30
2013  08 18  10 19 30
2013  08 18  10 40 30
2013  08 19  20 13 30
2013  08 19  20 34 30
2013  08 20  20 13 30
2013  08 20  20 34 30
2013  08 22  19 06 30
2013  08 22  19 25 30
2013  08 25  10 03 30
2013  08 25  10 22 30
2013  08 28  10 03 30
2013  08 30  20 08 30
2013  08 30  20 28 30
2013  09 01  20 05 30
2013  09 01  20 25 30
2013  09 02  20 09 30
2013  09 02  20 29 30
2013  09 03  20 05 30
2013  09 03  20 25 30
2013  10 04  19 05 30
2013  10 04  19 24 30
2013  10 06  10 03 30
2013  10 06  10 22 30
2013  10 09  10 04 30
2013  10 09  10 23 30
2013  10 11  20 23 30
2013  10 11  20 43 30
2013  10 13  20 13 30
2013  10 13  20 33 30
2013  10 14  20 08 30
2013  10 14  20 28 30
2013  10 15  20 07 30
2013  10 15  20 28 30
2013  10 18  09 34 30
2013  10 18  09 53 30
2013  10 20  10 03 30
2013  10 20  10 22 30
2013  10 23  10 03 30
2013  10 23  10 22 30
2013  10 24  20 28 30
2013  10 24  20 48 30
2013  10 26  20 07 30
2013  10 26  20 28 30
2013  10 28  20 05 30
2013  10 28  20 25 30
2013  10 30  20 09 30
2013  10 30  20 30 30
2013  10 31  19 14 30
2013  10 31  19 33 30
2013  11 09  20 07 30
2013  11 09  20 29 30
2013  11 11  20 07 30
2013  11 11  20 28 30
2013  11 13  20 05 30
2013  11 13  20 25 30
2013  11 15  19 07 30
2013  11 15  19 26 30
2013  11 18  10 08 30
2013  11 18  10 27 30
2013  11 21  20 55 30
2013  11 21  21 16 30
2013  11 23  20 08 30
2013  11 25  20 09 30
2013  11 25  20 30 30
2013  11 27  20 08 30
2013  11 27  20 22 30
2013  11 28  19 42 30
2013  11 28  20 01 30
2013  12 02  10 11 30
2013  12 02  10 30 30
2013  12 04  10 14 30
2013  12 04  10 33 30
2013  12 06  20 11 30
2013  12 06  20 28 30
2013  12 07  20 07 30
2013  12 07  20 28 30
2013  12 09  20 05 30
2013  12 09  20 25 30
2013  12 11  20 07 30
2013  12 11  20 26 30
2013  12 12  19 08 30
2013  12 12  19 27 30
2013  12 16  10 03 30
2013  12 16  10 22 30
2013  12 16  10 22 30
2013  12 18  10 04 30
2013  12 18  10 23 30
2013  12 19  20 23 30
2013  12 19  20 45 30
2013  12 21  20 13 30
2013  12 21  20 33 30
2013  12 30  20 39 30
2013  12 30  20 58 30
2014  01 01  10 03 30
2014  01 01  10 22 30
2014  01 02  20 13 30
2014  01 02  20 33 30
2014  01 02  20 33 30
2014  01 04  20 13 30
2014  01 04  20 33 30
2014  01 04  20 33 30
2014  01 06  20 17 30
2014  01 06  20 35 30
2014  01 08  20 37 30
2014  01 09  19 04 30
2014  01 13  10 14 30
2014  01 13  10 33 30
2014  01 15  10 28 30
2014  01 15  10 09 30
2014  01 16  20 09 30
2014  01 16  20 26 30
2014  02 13  19 23 00
2014  02 13  19 43 00
2014  02 15  20 13 30
2014  02 15  20 33 30
2014  02 17  20 13 30
2014  02 17  20 33 30
2014  02 19  20 08 30
2014  02 19  20 28 30
2014  02 20  19 28 30
2014  02 20  19 47 30
2014  02 24  10 23 30
2014  02 24  10 42 30
2014  02 26  10 08 30
2014  02 26  10 27 30
2014  03 01  20 08 30
2014  03 01  20 28 30
2014  03 03  20 09 30
2014  03 03  20 29 30
2014  03 05  20 08 30
2014  03 05  20 28 30
2014  03 06  19 03 30
2014  03 06  19 22 30
2014  03 10  10 14 30
2014  03 10  10 33 30
2014  03 12  10 13 30
2014  03 12  10 32 30
2014  03 13  20 08 00
2014  03 13  20 20 00
2014  03 15  20 11 30
2014  03 15  20 31 30
2014  03 17  20 08 30
2014  03 17  20 28 30
2014  03 19  20 09 30
2014  03 19  20 28 30
2014  03 20  19 20 30
2014  03 20  19 39 30
2014  03 24  10 15 30
2014  03 24  10 34 30
2014  03 26  10 14 30
2014  03 26  10 33 30
2014  03 27  20 03 30
2014  03 27  20 15 00
2014  03 29  20 07 30
2014  03 29  20 28 30
2014  03 31  20 08 30
2014  03 31  20 28 30
2014  04 02  20 09 30
2014  04 02  20 30 30
2014  04 03  19 06 30
2014  04 03  19 25 30
2014  04 07  20 18 00
2014  04 07  21 13 00
2014  04 09  20 03 00
2014  04 09  20 23 00
2014  04 10  20 08 30
2014  04 10  20 28 30
2014  04 12  20 11 30
2014  04 12  20 31 30
2014  04 14  20 09 30
2014  04 14  20 31 30
2014  04 16  20 07 30
2014  04 16  20 28 30
2014  04 17  19 03 30
2014  04 17  19 22 30
2014  04 20  11 09 30
2014  04 20  11 28 30
2014  04 23  10 03 30
2014  04 23  10 22 30
2014  04 24  20 09 30
2014  04 24  20 30 30
2014  04 26  20 07 30
2014  04 26  20 28 30
2014  04 30  20 08 30
2014  04 30  20 28 30
2014  05 08  20 07 30
2014  05 08  20 28 30
2014  05 10  20 08 30
2014  05 10  20 28 30
2014  05 12  20 07 30
2014  05 12  20 28 30
2014  05 14  20 08 30
2014  05 14  20 28 30
2014  05 15  19 10 30
2014  05 15  19 29 30
2014  05 18  10 03 30
2014  05 21  10 14 30
2014  05 21  10 33 30
2014  05 22  20 07 30
2014  05 22  20 28 30
2014  05 24  20 08 30
2014  05 24  20 28 30
2014  05 26  20 07 30
2014  05 26  20 28 30
2014  05 28  20 08 30
2014  05 28  20 28 30
2014  05 29  19 15 30
2014  05 29  19 34 30
2014  05 31  10 03 30
2014  05 31  10 22 30
2014  06 04  10 03 30
2014  06 04  10 22 30
2014  06 05  20 08 00
2014  06 05  20 33 00
2014  06 07  20 08 30
2014  06 07  20 28 30
2014  06 07  20 08 30
2014  06 09  20 30 30
2014  06 09  20 30 30
2014  06 11  20 10 30
2014  06 11  20 29 30
2014  06 12  18 05 30
2014  06 12  18 24 30
2014  06 15  10 04 30
2014  06 15  10 23 30
2014  06 18  10 03 30
2014  06 18  10 22 30
2014  06 19  20 08 00
2014  06 19  20 33 00
2014  06 21  20 08 30
2014  06 21  20 28 30
2014  06 23  20 07 30
2014  06 23  20 28 30
2014  06 25  20 07 30
2014  06 25  20 28 30
2014  06 26  19 03 30
2014  06 26  19 22 30
2014  06 29  10 03 30
2014  06 29  10 22 30
2014  07 02  10 04 30
2014  07 02  10 23 30
2014  07 02  10 23 30
2014  07 03  20 03 00
2014  07 03  20 23 00
2014  07 05  20 07 30
2014  07 05  20 28 30
2014  07 07  20 08 30
2014  07 09  20 07 30
2014  07 11  20 03 00
2014  07 11  20 25 00
2014  07 14  20 08 00
2014  07 14  20 28 00
2014  07 16  20 03 00
2014  07 16  20 23 00
2014  07 17  20 08 30
2014  07 17  20 28 30
2014  07 19  20 07 30
2014  07 19  20 28 30
2014  07 21  20 07 30
2014  07 21  20 28 30
2014  07 23  20 08 30
2014  07 23  20 28 30
2014  07 26  20 03 00
2014  07 26  20 23 00
2014  07 28  20 08 00
2014  07 28  20 28 00
2014  07 30  20 03 00
2014  07 30  20 23 00
2014  07 31  20 08 30
2014  07 31  20 28 30
2014  08 02  20 07 30
2014  08 02  20 27 30
2014  08 04  20 08 30
2014  08 04  20 28 30
2014  08 04  20 28 30
2014  08 06  20 36 30
2014  08 07  20 19 30
2014  08 07  20 38 30
2014  08 10  11 20 30
2014  08 10  11 39 30
2014  08 16  20 08 30
2014  08 16  20 28 30
2014  08 21  20 15 30
2014  08 21  20 33 30
2014  08 24  10 04 30
2014  08 24  10 22 30
2014  08 27  10 18 30
2014  08 27  10 37 30
2014  08 28  20 07 30
2014  08 28  20 28 30
2014  08 30  20 08 30
2014  08 30  20 28 30
2014  09 01  20 07 30
2014  09 01  20 28 30
2014  09 03  20 08 30
2014  09 04  20 22 30
2014  09 04  20 41 30
2014  09 07  10 15 30
2014  09 07  10 33 30
2014  09 10  10 11 30
2014  09 10  10 30 30
2014  09 13  20 08 30
2014  09 13  20 28 30
2014  10 11  20 08 30
2014  10 11  20 29 30
2014  10 13  20 07 30
2014  10 13  20 28 30
2014  10 15  20 08 30
2014  10 15  20 29 30
2014  10 21  19 19 30
2014  10 23  10 03 30
2014  10 23  10 19 30
2014  10 25  20 03 30
2014  10 25  20 25 30
2014  10 27  20 08 30
2014  10 27  20 25 30
2014  10 29  20 08 30
2014  10 29  20 25 30
2014  10 30  19 03 30
2014  10 30  19 19 30
2014  11 03  10 10 30
2014  11 03  10 26 30
2014  11 20  20 11 30
2014  11 20  20 28 30
2014  11 22  10 08 30
2014  11 22  10 25 30
2014  11 24  20 07 30
2014  11 24  20 24 30
2014  11 27  20 08 30
2014  11 27  20 25 30
2014  11 29  20 08 30
2014  11 29  20 25 30
2014  11 30  19 03 30
2014  11 30  19 19 30
2014  11 03  10 10 30
2014  11 03  10 26 30
2014  11 20  20 11 30
2014  11 20  20 28 30
2014  11 22  10 08 30
2014  11 22  10 25 30
2014  11 24  20 07 30
2014  11 24  20 24 30
2014  11 27  18 16 30
2014  11 27  19 32 30
2014  12 01  09 03 30
2014  12 01  09 19 30
2014  12 03  10 03 30
2014  12 03  10 19 30
2014  12 04  20 09 30
2014  12 04  20 26 30
2014  12 06  20 08 30
2014  12 06  20 25 30
2014  12 08  20 07 30
2014  12 08  20 25 30
2014  12 10  20 08 30
2014  12 10  20 26 30
2014  12 11  19 04 30
2014  12 11  19 20 30
2014  12 14  10 11 30
2014  12 14  10 27 30
2014  12 17  10 10 30
2014  12 18  20 08 30
2014  12 18  20 25 30
2014  12 20  20 07 30
2014  12 20  20 25 30
2014  12 22  20 08 30
2014  12 22  20 25 30
2014  12 24  20 08 30
2014  12 24  20 25 30
2014  12 26  19 05 30
2014  12 26  19 21 30
2014  12 29  10 07 30
2014  12 29  10 23 30
2015  01 01  10 20 30
2015  01 01  10 04 30
2015  01 03  20 09 30
2015  01 03  20 26 30
2015  01 05  20 07 30
2015  01 05  20 25 30
2015  01 07  20 08 30
2015  01 07  20 25 30
2015  01 11  20 03 00
2015  01 11  20 23 00
2015  01 14  20 03 00
2015  01 14  20 23 00
2015  01 15  20 08 30
2015  01 15  20 25 30
2015  01 17  20 09 30
2015  01 17  20 25 30
2015  01 21  20 07 30
2015  01 21  20 23 30
2015  01 26  20 03 00
2015  01 26  20 23 00
2015  01 28  20 03 00
2015  01 28  20 23 00
2015  01 29  20 08 30
2015  01 29  20 25 30
2015  01 31  20 08 30
2015  01 31  20 24 30
2015  02 02  20 08 30
2015  02 02  20 24 30
2015  02 04  20 08 30
2015  02 04  20 25 30
2015  02 06  10 12 30
2015  02 06  10 28 30
2015  02 08  10 18 30
2015  02 08  10 34 30
2015  02 11  10 07 30
2015  02 11  10 23 30
2015  02 12  20 09 30
2015  02 12  20 23 30
2015  02 14  20 03 00
2015  02 14  20 19 00
2015  02 18  20 13 00
2015  02 18  20 31 00
2015  02 20  10 11 30
2015  02 20  10 27 30
2015  02 23  10 09 30
2015  02 23  10 25 30
2015  02 25  10 11 30
2015  02 25  10 27 30
2015  02 28  20 03 00
2015  02 28  20 21 00
2015  03 02  20 08 00
2015  03 02  20 23 00
2015  03 04  20 08 00
2015  03 04  20 23 00
2015  03 06  10 10 30
2015  03 06  10 26 30
2015  03 09  10 11 30
2015  03 09  10 27 30
2015  03 11  10 16 30
2015  03 11  10 32 30
2015  03 14  20 07 30
2015  03 14  20 25 30
2015  03 16  20 08 30
2015  03 16  20 25 30
2015  03 18  20 08 30
2015  03 18  20 25 30
2015  03 19  19 24 30
2015  03 19  19 40 30
2015  03 23  10 34 30
2015  03 23  10 51 30
2015  03 25  10 13 30
2015  03 25  10 33 30
2015  03 26  20 08 30
2015  03 26  20 25 30
2015  03 30  20 08 30
2015  03 30  20 25 30
2015  04 01  20 09 30
2015  04 01  20 25 30
2015  04 03  11 27 30
2015  04 03  11 48 30
2015  04 06  10 03 30
2015  04 06  10 20 30
2015  04 08  10 17 30
2015  04 08  10 33 30
2015  04 09  20 03 00
2015  04 09  20 23 00
2015  04 11  20 09 30
2015  04 11  20 25 30
2015  04 15  20 09 30
2015  04 15  20 27 30
2015  04 16  19 08 30
2015  04 16  19 24 30
2015  04 19  10 37 30
2015  04 19  10 53 30
2015  04 22  10 03 30
2015  04 22  10 20 30
2015  04 23  20 08 00
2015  04 23  20 25 00
2015  04 25  20 07 30
2015  04 25  20 24 30
2015  04 27  20 08 30
2015  04 27  20 25 30
2015  04 27  20 08 30
2015  04 27  20 25 30
2015  04 30  19 05 30
2015  04 30  19 21 30
2015  05 03  10 09 30
2015  05 03  10 31 30
2015  05 03  10 31 30
2015  05 06  10 03 30
2015  05 06  10 19 30
2015  05 07  20 07 30
2015  05 07  20 23 30
2015  05 09  20 08 30
2015  05 09  20 25 30
2015  05 13  20 08 30
2015  05 13  20 25 30
2015  05 14  19 12 30
2015  05 14  19 28 30
2015  05 17  10 08 30
2015  05 17  10 38 30
2015  05 20  10 22 30
2015  05 20  10 39 30
2015  05 21  20 08 30
2015  05 21  20 25 30
2015  05 23  20 09 30
2015  05 23  20 25 30
2015  05 27  20 07 30
2015  05 27  20 26 30
2015  05 28  19 05 30
2015  05 28  19 24 30
2015  05 31  10 15 30
2015  05 31  10 37 30
2015  06 03  10 13 30
2015  06 03  10 33 30
2015  06 04  20 08 30
2015  06 04  20 27 30
2015  06 06  10 08 30
2015  06 06  10 28 30
2015  06 08  20 07 30
2015  06 08  20 26 30
2015  06 11  19 05 30
2015  06 11  19 24 30
2015  06 14  10 14 30
2015  06 14  10 35 30
2015  06 17  10 03 30
2015  06 17  10 23 30
2015  06 18  20 09 00
2015  06 18  20 25 00
2015  06 20  20 08 30
2015  06 20  20 28 30
2015  06 22  20 08 30
2015  06 22  20 27 30
2015  06 24  20 08 30
2015  06 24  20 27 30
2015  06 25  19 03 30
2015  06 25  19 22 30
2015  06 28  10 14 30
2015  06 28  10 33 30
2015  07 01  19 03 30
2015  07 01  19 21 30
2015  07 04  20 08 30
2015  07 04  20 27 30
2015  07 06  20 08 30
2015  07 06  20 27 30
2015  07 08  20 07 30
2015  07 08  20 26 30
2015  07 09  19 03 30
2015  07 09  19 22 30
2015  07 12  10 07 30
2015  07 12  10 27 30
2015  07 15  10 05 30
2015  07 15  10 23 30
2015  07 18  20 08 30
2015  07 18  20 28 30
2015  07 20  20 07 30
2015  07 20  20 26 30
2015  07 22  20 08 30
2015  07 22  20 27 30
2015  07 23  19 10 30
2015  07 23  19 29 30
2015  07 26  10 07 30
2015  07 26  10 27 30
2015  07 29  10 09 30
2015  07 29  10 28 30
2015  07 30  20 03 00
2015  07 30  20 23 00
2015  08 01  20 07 30
2015  08 01  20 27 30
2015  08 03  20 08 30
2015  08 03  20 27 30
2015  08 05  20 08 30
2015  08 05  20 28 30
2015  08 06  19 03 30
2015  08 06  19 22 30
2015  08 09  10 15 30
2015  08 09  10 33 30
2015  08 12  10 08 30
2015  08 12  10 31 30
2015  08 15  20 08 30
2015  08 15  20 28 30
2015  08 17  20 07 30
2015  08 17  20 26 30
2015  08 19  20 05 30
2015  08 19  20 25 30
2015  08 20  19 07 30
2015  08 20  19 26 30
2015  08 23  10 07 30
2015  08 23  10 27 30
2015  08 26  11 37 30
2015  08 26  11 56 30
2015  08 27  20 08 30
2015  08 27  20 27 30
2015  08 29  20 08 30
2015  08 29  20 08 30
2015  08 31  20 07 30
2015  08 31  20 27 30
2015  09 03  19 06 30
2015  09 03  19 25 30
2015  09 06  10 06 30
2015  09 06  10 25 30
2015  09 09  10 03 30
2015  09 09  10 23 30
2015  09 12  20 26 30
2015  09 14  20 08 30
2015  09 14  20 28 30
2015  09 16  20 06 30
2015  09 16  20 25 30
2015  09 19  20 05 30
2015  09 20  10 11 30
2015  09 20  10 29 30
2015  09 23  19 03 30
2015  09 23  19 23 30
2015  09 24  20 06 30
2015  09 24  20 25 30
2015  09 26  20 09 30
2015  09 26  20 28 30
2015  09 30  20 08 30
2015  09 30  20 28 30
2015  10 01  19 04 30
2015  10 01  19 23 30
2015  10 04  10 05 30
2015  10 04  10 23 30
2015  10 07  10 10 30
2015  10 07  10 28 30
2015  10 08  20 07 30
2015  10 08  20 27 30
2015  10 10  20 08 30
2015  10 10  20 28 30
2015  10 14  20 08 30
2015  10 14  20 27 30
2015  10 15  19 05 30
2015  10 15  19 24 30
2015  10 18  10 03 30
2015  10 18  10 23 30
2015  10 21  10 03 30
2015  10 21  10 22 30
2015  10 22  20 08 30
2015  10 22  20 28 30
2015  10 24  20 07 30
2015  10 24  20 26 30
2015  10 26  20 08 30
2015  10 26  20 27 30
2015  10 28  20 07 30
2015  10 28  20 26 30
2015  10 29  19 03 30
2015  10 29  19 22 30                           